/*--------------------------------*- C++ -*----------------------------------*\
  =========                 |
  \\      /  F ield         | OpenFOAM: The Open Source CFD Toolbox
   \\    /   O peration     | Website:  https://openfoam.org
    \\  /    A nd           | Version:  7
     \\/     M anipulation  |
\*---------------------------------------------------------------------------*/
FoamFile
{
    version     2.0;
    format      ascii;
    class       volScalarField;
    location    "0";
    object      gradTx;
}
// * * * * * * * * * * * * * * * * * * * * * * * * * * * * * * * * * * * * * //

dimensions      [0 -1 0 1 0 0 0];

internalField   nonuniform List<scalar> 
4000
(
9.81554
9.80279
9.7728
9.71192
9.58102
9.49304
9.68955
10.1783
10.7294
11.0964
11.0964
10.7294
10.1783
9.68955
9.49302
9.58103
9.71198
9.77285
9.80282
9.81555
9.82172
9.81117
9.7878
9.74711
9.69102
9.68678
9.83295
10.1465
10.5069
10.7509
10.7509
10.5069
10.1465
9.83295
9.68676
9.69103
9.74716
9.78785
9.8112
9.82172
9.8336
9.82656
9.81241
9.79282
9.78049
9.81444
9.93788
10.1516
10.3788
10.525
10.525
10.3789
10.1516
9.93782
9.8144
9.78051
9.79287
9.81245
9.82659
9.83363
9.84991
9.84652
9.84099
9.83734
9.84813
9.89416
9.99257
10.1381
10.2822
10.3712
10.3712
10.2822
10.138
9.99254
9.89417
9.84817
9.83737
9.84102
9.84655
9.84993
9.86886
9.86852
9.86948
9.87581
9.89694
9.94273
10.0184
10.1176
10.2099
10.2649
10.2649
10.2098
10.1175
10.0184
9.94276
9.89697
9.87585
9.86952
9.86856
9.86888
9.88872
9.89052
9.89556
9.90701
9.93101
9.97137
10.0283
10.096
10.1558
10.1904
10.1904
10.1558
10.0961
10.0283
9.97141
9.93103
9.90702
9.89559
9.89055
9.88874
9.90806
9.91105
9.9181
9.9313
9.95425
9.98762
10.0298
10.0762
10.1154
10.1375
10.1375
10.1154
10.0763
10.0298
9.98762
9.95424
9.93132
9.91814
9.91109
9.90808
9.92587
9.9293
9.93686
9.94973
9.96979
9.99632
10.0272
10.0593
10.0852
10.0996
10.0997
10.0852
10.0593
10.0272
9.99631
9.9698
9.94978
9.93692
9.92935
9.92588
9.94154
9.94492
9.95206
9.9635
9.98008
10.0006
10.0231
10.0453
10.0627
10.0722
10.0722
10.0627
10.0453
10.0231
10.0006
9.98011
9.96356
9.95212
9.94496
9.94154
9.95482
9.95786
9.96409
9.97368
9.98685
10.0024
10.0186
10.0341
10.0459
10.0523
10.0523
10.0459
10.0341
10.0187
10.0024
9.98688
9.97373
9.96414
9.95789
9.95483
9.96572
9.96829
9.97344
9.98114
9.99129
10.0028
10.0146
10.0253
10.0334
10.0378
10.0378
10.0334
10.0253
10.0146
10.0028
9.99132
9.98117
9.97349
9.96833
9.96575
9.97444
9.9765
9.98059
9.98656
9.99421
10.0027
10.0111
10.0186
10.0242
10.0271
10.0271
10.0242
10.0186
10.0111
10.0027
9.99423
9.98659
9.98064
9.97655
9.97448
9.98125
9.98284
9.98597
9.99048
9.99613
10.0023
10.0082
10.0135
10.0173
10.0194
10.0194
10.0173
10.0135
10.0082
10.0023
9.99614
9.99052
9.98602
9.98289
9.98129
9.98645
9.98764
9.98997
9.9933
9.99739
10.0018
10.006
10.0097
10.0123
10.0138
10.0138
10.0123
10.0097
10.006
10.0018
9.99741
9.99334
9.99002
9.98769
9.98648
9.99032
9.99119
9.99289
9.9953
9.99823
10.0013
10.0043
10.0069
10.0087
10.0097
10.0097
10.0087
10.0069
10.0043
10.0014
9.99826
9.99535
9.99295
9.99124
9.99035
9.99314
9.99376
9.99498
9.99671
9.99879
10.001
10.0031
10.0048
10.0061
10.0068
10.0068
10.0061
10.0048
10.0031
10.001
9.99883
9.99676
9.99504
9.99381
9.99316
9.99513
9.99557
9.99644
9.99768
9.99916
10.0007
10.0022
10.0034
10.0043
10.0048
10.0048
10.0043
10.0034
10.0022
10.0007
9.9992
9.99774
9.9965
9.99562
9.99515
9.99647
9.99679
9.99742
9.99833
9.9994
10.0005
10.0016
10.0025
10.0031
10.0035
10.0035
10.0031
10.0025
10.0016
10.0006
9.99944
9.99838
9.99748
9.99683
9.99649
9.99731
9.99754
9.99803
9.99872
9.99954
10.0004
10.0012
10.0019
10.0024
10.0027
10.0027
10.0024
10.0019
10.0012
10.0004
9.99959
9.99878
9.99809
9.99759
9.99732
9.99772
9.99791
9.99832
9.99891
9.99961
10.0003
10.001
10.0016
10.002
10.0023
10.0023
10.002
10.0016
10.001
10.0004
9.99966
9.99897
9.99838
9.99795
9.99774
9.81553
9.80278
9.7728
9.71193
9.58102
9.49304
9.68955
10.1783
10.7294
11.0964
11.0964
10.7294
10.1783
9.68953
9.49302
9.58104
9.71197
9.77284
9.80281
9.81554
9.8217
9.81116
9.7878
9.74713
9.69103
9.68677
9.83293
10.1465
10.5069
10.7509
10.7509
10.507
10.1465
9.83293
9.68675
9.69103
9.74716
9.78784
9.81119
9.82172
9.83359
9.82655
9.8124
9.79283
9.78049
9.81444
9.93788
10.1516
10.3788
10.525
10.525
10.3789
10.1516
9.93782
9.81441
9.78052
9.79286
9.81244
9.82659
9.83363
9.8499
9.84652
9.84099
9.83734
9.84814
9.89416
9.99257
10.1381
10.2822
10.3712
10.3712
10.2822
10.138
9.99255
9.89418
9.84817
9.83737
9.84102
9.84655
9.84993
9.86885
9.86852
9.86949
9.87583
9.89694
9.94272
10.0184
10.1176
10.2099
10.2649
10.2649
10.2098
10.1176
10.0184
9.94276
9.89697
9.87584
9.86951
9.86855
9.86888
9.88871
9.89051
9.89556
9.90702
9.93103
9.97138
10.0283
10.096
10.1558
10.1904
10.1904
10.1558
10.0961
10.0283
9.97141
9.93103
9.90702
9.89558
9.89054
9.88874
9.90804
9.91103
9.91809
9.9313
9.95425
9.98763
10.0298
10.0762
10.1154
10.1375
10.1375
10.1154
10.0763
10.0298
9.98762
9.95424
9.93132
9.91814
9.91108
9.90808
9.92586
9.92929
9.93686
9.94973
9.96979
9.99633
10.0272
10.0593
10.0852
10.0997
10.0997
10.0852
10.0593
10.0272
9.99631
9.96981
9.94977
9.93692
9.92934
9.92587
9.94153
9.94491
9.95206
9.96351
9.98008
10.0006
10.0231
10.0453
10.0627
10.0723
10.0722
10.0627
10.0453
10.0231
10.0006
9.98011
9.96355
9.95211
9.94495
9.94154
9.9548
9.95785
9.9641
9.97369
9.98686
10.0024
10.0186
10.0341
10.0459
10.0523
10.0523
10.0459
10.0341
10.0187
10.0024
9.98688
9.97372
9.96414
9.95789
9.95482
9.9657
9.96828
9.97344
9.98115
9.9913
10.0028
10.0146
10.0253
10.0334
10.0378
10.0378
10.0334
10.0253
10.0146
10.0029
9.99132
9.98117
9.97348
9.96832
9.96574
9.97442
9.97649
9.98059
9.98657
9.99422
10.0027
10.0111
10.0186
10.0242
10.0271
10.0271
10.0242
10.0186
10.0111
10.0027
9.99423
9.98659
9.98063
9.97654
9.97447
9.98124
9.98283
9.98597
9.99049
9.99613
10.0023
10.0082
10.0135
10.0173
10.0194
10.0194
10.0173
10.0135
10.0082
10.0023
9.99614
9.99051
9.98602
9.98289
9.98128
9.98643
9.98763
9.98997
9.9933
9.9974
10.0018
10.006
10.0097
10.0123
10.0138
10.0138
10.0123
10.0097
10.006
10.0018
9.99741
9.99333
9.99002
9.98768
9.98648
9.99031
9.99118
9.99289
9.99531
9.99824
10.0013
10.0043
10.0069
10.0087
10.0097
10.0097
10.0087
10.0069
10.0043
10.0014
9.99826
9.99535
9.99294
9.99124
9.99035
9.99313
9.99375
9.99498
9.99672
9.9988
10.001
10.0031
10.0048
10.0061
10.0068
10.0068
10.0061
10.0049
10.0031
10.001
9.99882
9.99676
9.99504
9.99381
9.99316
9.99512
9.99556
9.99644
9.99769
9.99917
10.0007
10.0022
10.0034
10.0043
10.0048
10.0048
10.0043
10.0034
10.0022
10.0007
9.9992
9.99773
9.9965
9.99561
9.99514
9.99646
9.99678
9.99742
9.99833
9.9994
10.0005
10.0016
10.0025
10.0031
10.0035
10.0035
10.0031
10.0025
10.0016
10.0006
9.99944
9.99838
9.99748
9.99683
9.99648
9.99729
9.99754
9.99803
9.99872
9.99955
10.0004
10.0012
10.0019
10.0024
10.0027
10.0027
10.0024
10.0019
10.0012
10.0004
9.99959
9.99878
9.99808
9.99758
9.99732
9.99771
9.99792
9.99833
9.99892
9.99961
10.0003
10.001
10.0016
10.002
10.0023
10.0023
10.002
10.0016
10.001
10.0004
9.99965
9.99897
9.99839
9.99796
9.99774
9.81551
9.80278
9.7728
9.71193
9.58103
9.49305
9.68956
10.1783
10.7294
11.0964
11.0964
10.7294
10.1783
9.68954
9.49304
9.58104
9.71197
9.77283
9.80281
9.81554
9.82169
9.81116
9.7878
9.74713
9.69103
9.68677
9.83293
10.1465
10.507
10.7509
10.7509
10.5069
10.1465
9.83294
9.68676
9.69104
9.74715
9.78783
9.81119
9.82172
9.83359
9.82655
9.81241
9.79284
9.7805
9.81443
9.93786
10.1516
10.3788
10.525
10.525
10.3789
10.1516
9.93783
9.81441
9.78052
9.79286
9.81244
9.82659
9.83363
9.84989
9.84652
9.841
9.83735
9.84815
9.89415
9.99256
10.1381
10.2822
10.3712
10.3712
10.2822
10.1381
9.99256
9.89418
9.84817
9.83737
9.84101
9.84655
9.84993
9.86884
9.86852
9.86949
9.87583
9.89695
9.94272
10.0184
10.1176
10.2099
10.2649
10.2649
10.2098
10.1176
10.0185
9.94276
9.89697
9.87584
9.86951
9.86855
9.86888
9.8887
9.8905
9.89556
9.90703
9.93104
9.97138
10.0283
10.096
10.1558
10.1904
10.1904
10.1558
10.0961
10.0283
9.97141
9.93103
9.90702
9.89558
9.89054
9.88874
9.90804
9.91103
9.91809
9.9313
9.95426
9.98763
10.0298
10.0762
10.1154
10.1375
10.1375
10.1154
10.0763
10.0298
9.98763
9.95425
9.93132
9.91813
9.91108
9.90808
9.92585
9.92929
9.93686
9.94974
9.9698
9.99632
10.0272
10.0593
10.0852
10.0997
10.0997
10.0852
10.0593
10.0272
9.99632
9.96981
9.94977
9.93691
9.92934
9.92588
9.94152
9.94491
9.95206
9.96351
9.98009
10.0006
10.0231
10.0453
10.0627
10.0723
10.0723
10.0627
10.0453
10.0231
10.0006
9.98011
9.96355
9.95211
9.94495
9.94154
9.95479
9.95785
9.9641
9.9737
9.98686
10.0024
10.0187
10.0341
10.0459
10.0523
10.0523
10.0459
10.0341
10.0187
10.0024
9.98688
9.97372
9.96413
9.95789
9.95482
9.96569
9.96827
9.97345
9.98115
9.99131
10.0028
10.0146
10.0253
10.0334
10.0378
10.0378
10.0334
10.0253
10.0146
10.0029
9.99132
9.98117
9.97348
9.96832
9.96574
9.97441
9.97649
9.98059
9.98657
9.99422
10.0027
10.0111
10.0186
10.0242
10.0271
10.0271
10.0242
10.0186
10.0111
10.0027
9.99423
9.98659
9.98063
9.97654
9.97447
9.98122
9.98283
9.98597
9.99049
9.99613
10.0023
10.0082
10.0135
10.0173
10.0194
10.0194
10.0173
10.0135
10.0082
10.0023
9.99614
9.99051
9.98601
9.98289
9.98128
9.98642
9.98762
9.98997
9.9933
9.9974
10.0018
10.006
10.0097
10.0123
10.0138
10.0138
10.0123
10.0097
10.006
10.0018
9.99741
9.99333
9.99002
9.98768
9.98648
9.99029
9.99118
9.99289
9.99531
9.99824
10.0014
10.0043
10.0069
10.0087
10.0097
10.0097
10.0087
10.0069
10.0043
10.0014
9.99826
9.99534
9.99294
9.99123
9.99035
9.99311
9.99375
9.99499
9.99672
9.9988
10.001
10.0031
10.0048
10.0061
10.0068
10.0068
10.0061
10.0049
10.0031
10.001
9.99882
9.99675
9.99503
9.9938
9.99316
9.99509
9.99556
9.99645
9.99769
9.99917
10.0007
10.0022
10.0034
10.0043
10.0048
10.0048
10.0043
10.0034
10.0022
10.0007
9.9992
9.99773
9.99649
9.99561
9.99515
9.99643
9.99677
9.99742
9.99833
9.99941
10.0005
10.0016
10.0025
10.0031
10.0035
10.0035
10.0032
10.0025
10.0016
10.0006
9.99944
9.99837
9.99747
9.99682
9.99648
9.99727
9.99753
9.99803
9.99873
9.99955
10.0004
10.0012
10.0019
10.0024
10.0027
10.0027
10.0024
10.0019
10.0012
10.0004
9.99958
9.99876
9.99807
9.99758
9.99732
9.99769
9.99791
9.99833
9.99893
9.99962
10.0004
10.001
10.0016
10.002
10.0023
10.0023
10.002
10.0016
10.001
10.0004
9.99964
9.99895
9.99837
9.99796
9.99775
9.81553
9.80279
9.7728
9.71193
9.58103
9.49304
9.68955
10.1783
10.7294
11.0964
11.0964
10.7294
10.1783
9.68955
9.49304
9.58105
9.71197
9.77284
9.80282
9.81555
9.82171
9.81117
9.78781
9.74713
9.69103
9.68676
9.83292
10.1465
10.5069
10.7509
10.7509
10.5069
10.1465
9.83294
9.68676
9.69104
9.74716
9.78784
9.8112
9.82173
9.8336
9.82656
9.81242
9.79284
9.7805
9.81443
9.93785
10.1516
10.3788
10.525
10.525
10.3789
10.1516
9.93783
9.81441
9.78052
9.79287
9.81245
9.82659
9.83363
9.8499
9.84652
9.841
9.83735
9.84815
9.89416
9.99256
10.1381
10.2822
10.3712
10.3712
10.2822
10.138
9.99256
9.89418
9.84818
9.83737
9.84102
9.84655
9.84994
9.86885
9.86853
9.86949
9.87583
9.89695
9.94273
10.0184
10.1176
10.2098
10.2649
10.2649
10.2098
10.1176
10.0184
9.94276
9.89697
9.87585
9.86952
9.86856
9.86888
9.88871
9.89051
9.89556
9.90702
9.93103
9.97138
10.0283
10.096
10.1557
10.1904
10.1904
10.1558
10.0961
10.0283
9.97141
9.93103
9.90703
9.89558
9.89055
9.88874
9.90805
9.91104
9.9181
9.9313
9.95425
9.98763
10.0298
10.0762
10.1154
10.1375
10.1375
10.1154
10.0763
10.0298
9.98763
9.95425
9.93132
9.91814
9.91109
9.90808
9.92586
9.9293
9.93686
9.94974
9.96979
9.99632
10.0272
10.0593
10.0852
10.0996
10.0996
10.0852
10.0593
10.0272
9.99632
9.96981
9.94977
9.93692
9.92934
9.92588
9.94153
9.94492
9.95207
9.96351
9.98008
10.0006
10.0231
10.0453
10.0627
10.0722
10.0722
10.0627
10.0453
10.0231
10.0006
9.98011
9.96355
9.95211
9.94496
9.94155
9.9548
9.95785
9.9641
9.9737
9.98686
10.0024
10.0186
10.0341
10.0459
10.0523
10.0523
10.0459
10.0341
10.0187
10.0024
9.98688
9.97372
9.96414
9.95789
9.95483
9.9657
9.96828
9.97345
9.98115
9.9913
10.0028
10.0146
10.0253
10.0334
10.0378
10.0378
10.0334
10.0253
10.0146
10.0029
9.99132
9.98117
9.97348
9.96832
9.96575
9.97442
9.97649
9.98059
9.98657
9.99422
10.0027
10.0111
10.0186
10.0241
10.0271
10.0271
10.0242
10.0186
10.0111
10.0027
9.99423
9.98659
9.98063
9.97655
9.97448
9.98123
9.98283
9.98598
9.99049
9.99613
10.0023
10.0082
10.0135
10.0173
10.0194
10.0194
10.0173
10.0135
10.0082
10.0023
9.99615
9.99051
9.98602
9.98289
9.98129
9.98643
9.98763
9.98997
9.9933
9.9974
10.0018
10.006
10.0097
10.0123
10.0138
10.0138
10.0123
10.0097
10.006
10.0018
9.99742
9.99333
9.99002
9.98768
9.98648
9.9903
9.99118
9.99289
9.99531
9.99824
10.0013
10.0043
10.0069
10.0087
10.0097
10.0097
10.0087
10.0069
10.0043
10.0014
9.99826
9.99534
9.99294
9.99123
9.99035
9.99312
9.99375
9.99499
9.99672
9.9988
10.001
10.0031
10.0048
10.0061
10.0068
10.0068
10.0061
10.0049
10.0031
10.001
9.99883
9.99676
9.99503
9.9938
9.99316
9.9951
9.99556
9.99645
9.99769
9.99917
10.0007
10.0022
10.0034
10.0043
10.0048
10.0048
10.0043
10.0034
10.0022
10.0007
9.9992
9.99773
9.99649
9.99561
9.99515
9.99644
9.99677
9.99742
9.99833
9.99941
10.0005
10.0016
10.0025
10.0031
10.0035
10.0035
10.0032
10.0025
10.0016
10.0006
9.99944
9.99838
9.99747
9.99682
9.99648
9.99727
9.99753
9.99803
9.99873
9.99955
10.0004
10.0012
10.0019
10.0024
10.0027
10.0027
10.0024
10.0019
10.0012
10.0004
9.99959
9.99877
9.99807
9.99758
9.99732
9.99769
9.99791
9.99833
9.99892
9.99962
10.0004
10.001
10.0016
10.002
10.0023
10.0023
10.002
10.0016
10.001
10.0004
9.99965
9.99895
9.99837
9.99796
9.99775
9.81554
9.80279
9.77281
9.71193
9.58103
9.49304
9.68954
10.1782
10.7294
11.0964
11.0964
10.7294
10.1783
9.68954
9.49304
9.58105
9.71198
9.77284
9.80282
9.81555
9.82171
9.81117
9.78781
9.74713
9.69103
9.68676
9.83292
10.1465
10.5069
10.7509
10.7509
10.5069
10.1465
9.83294
9.68676
9.69104
9.74716
9.78785
9.8112
9.82173
9.8336
9.82656
9.81242
9.79284
9.7805
9.81443
9.93786
10.1516
10.3788
10.525
10.525
10.3789
10.1516
9.93782
9.81441
9.78052
9.79287
9.81245
9.8266
9.83364
9.84991
9.84653
9.841
9.83735
9.84815
9.89416
9.99256
10.1381
10.2822
10.3712
10.3712
10.2822
10.138
9.99255
9.89418
9.84818
9.83738
9.84102
9.84656
9.84994
9.86886
9.86853
9.86949
9.87583
9.89695
9.94272
10.0184
10.1176
10.2098
10.2649
10.2648
10.2098
10.1176
10.0184
9.94277
9.89698
9.87585
9.86952
9.86856
9.86889
9.88872
9.89051
9.89556
9.90702
9.93103
9.97138
10.0283
10.096
10.1557
10.1904
10.1904
10.1557
10.0961
10.0283
9.97141
9.93103
9.90703
9.89559
9.89055
9.88875
9.90806
9.91104
9.9181
9.9313
9.95425
9.98763
10.0298
10.0762
10.1154
10.1375
10.1375
10.1154
10.0763
10.0298
9.98763
9.95425
9.93132
9.91814
9.91109
9.90808
9.92587
9.9293
9.93687
9.94973
9.96979
9.99632
10.0272
10.0593
10.0852
10.0996
10.0996
10.0852
10.0593
10.0272
9.99632
9.96981
9.94977
9.93692
9.92935
9.92588
9.94153
9.94492
9.95207
9.96351
9.98008
10.0006
10.0231
10.0453
10.0627
10.0722
10.0722
10.0627
10.0453
10.0231
10.0006
9.98011
9.96355
9.95211
9.94496
9.94155
9.9548
9.95786
9.9641
9.9737
9.98686
10.0024
10.0186
10.0341
10.0459
10.0523
10.0523
10.0459
10.0341
10.0187
10.0024
9.98689
9.97373
9.96414
9.95789
9.95483
9.9657
9.96828
9.97345
9.98115
9.9913
10.0028
10.0145
10.0253
10.0334
10.0378
10.0378
10.0334
10.0253
10.0146
10.0029
9.99132
9.98117
9.97348
9.96833
9.96575
9.97442
9.9765
9.9806
9.98657
9.99422
10.0027
10.0111
10.0186
10.0241
10.0271
10.0271
10.0242
10.0186
10.0111
10.0027
9.99423
9.98659
9.98063
9.97655
9.97448
9.98123
9.98284
9.98598
9.99049
9.99613
10.0023
10.0082
10.0135
10.0173
10.0194
10.0194
10.0173
10.0135
10.0082
10.0023
9.99615
9.99052
9.98602
9.98289
9.98129
9.98643
9.98763
9.98997
9.9933
9.9974
10.0018
10.006
10.0097
10.0123
10.0138
10.0138
10.0123
10.0097
10.006
10.0018
9.99742
9.99334
9.99002
9.98768
9.98648
9.9903
9.99118
9.99289
9.99531
9.99824
10.0013
10.0043
10.0069
10.0087
10.0097
10.0097
10.0087
10.0069
10.0043
10.0014
9.99827
9.99535
9.99294
9.99123
9.99035
9.99312
9.99375
9.99499
9.99672
9.9988
10.001
10.0031
10.0048
10.0061
10.0068
10.0068
10.0061
10.0049
10.0031
10.001
9.99883
9.99676
9.99504
9.9938
9.99316
9.99511
9.99556
9.99645
9.99769
9.99917
10.0007
10.0022
10.0034
10.0043
10.0048
10.0048
10.0043
10.0034
10.0022
10.0008
9.9992
9.99773
9.9965
9.99561
9.99515
9.99645
9.99678
9.99742
9.99833
9.9994
10.0005
10.0016
10.0025
10.0031
10.0035
10.0035
10.0032
10.0025
10.0016
10.0006
9.99945
9.99838
9.99747
9.99682
9.99648
9.99728
9.99753
9.99803
9.99873
9.99955
10.0004
10.0012
10.0019
10.0024
10.0027
10.0027
10.0024
10.0019
10.0012
10.0004
9.99959
9.99877
9.99807
9.99758
9.99732
9.99769
9.99791
9.99833
9.99892
9.99962
10.0003
10.001
10.0016
10.002
10.0023
10.0023
10.002
10.0016
10.0011
10.0004
9.99965
9.99896
9.99837
9.99796
9.99774
9.81554
9.80279
9.7728
9.71193
9.58103
9.49305
9.68955
10.1782
10.7294
11.0964
11.0964
10.7294
10.1783
9.68954
9.49304
9.58105
9.71198
9.77284
9.80282
9.81555
9.82171
9.81117
9.7878
9.74713
9.69103
9.68676
9.83293
10.1465
10.5069
10.7509
10.7509
10.5069
10.1465
9.83294
9.68676
9.69104
9.74716
9.78784
9.8112
9.82173
9.83361
9.82656
9.81241
9.79283
9.7805
9.81443
9.93786
10.1516
10.3788
10.525
10.525
10.3789
10.1516
9.93782
9.81441
9.78052
9.79287
9.81245
9.82659
9.83363
9.84991
9.84653
9.84099
9.83735
9.84814
9.89416
9.99256
10.1381
10.2822
10.3712
10.3712
10.2822
10.138
9.99255
9.89418
9.84818
9.83738
9.84102
9.84655
9.84994
9.86886
9.86853
9.86949
9.87583
9.89695
9.94272
10.0184
10.1176
10.2098
10.2649
10.2649
10.2098
10.1176
10.0184
9.94277
9.89698
9.87585
9.86952
9.86856
9.86888
9.88872
9.89051
9.89556
9.90702
9.93103
9.97138
10.0283
10.096
10.1557
10.1904
10.1904
10.1558
10.0961
10.0283
9.97141
9.93104
9.90703
9.89558
9.89055
9.88874
9.90806
9.91104
9.9181
9.9313
9.95425
9.98763
10.0298
10.0762
10.1154
10.1375
10.1375
10.1154
10.0763
10.0298
9.98763
9.95425
9.93132
9.91814
9.91109
9.90808
9.92586
9.9293
9.93686
9.94973
9.96979
9.99632
10.0272
10.0593
10.0852
10.0996
10.0996
10.0852
10.0593
10.0272
9.99632
9.96981
9.94977
9.93692
9.92935
9.92588
9.94153
9.94492
9.95207
9.96351
9.98008
10.0006
10.0231
10.0453
10.0627
10.0722
10.0722
10.0627
10.0453
10.0231
10.0006
9.98011
9.96355
9.95211
9.94496
9.94155
9.9548
9.95786
9.9641
9.97369
9.98685
10.0024
10.0186
10.0341
10.0459
10.0523
10.0523
10.0459
10.0341
10.0187
10.0024
9.98689
9.97372
9.96414
9.95789
9.95483
9.9657
9.96828
9.97345
9.98115
9.9913
10.0028
10.0145
10.0253
10.0334
10.0378
10.0378
10.0334
10.0253
10.0146
10.0029
9.99132
9.98117
9.97348
9.96832
9.96575
9.97442
9.9765
9.98059
9.98657
9.99421
10.0027
10.0111
10.0186
10.0241
10.0271
10.0271
10.0242
10.0186
10.0111
10.0027
9.99423
9.98659
9.98063
9.97654
9.97447
9.98123
9.98283
9.98598
9.99049
9.99613
10.0023
10.0082
10.0135
10.0173
10.0194
10.0194
10.0173
10.0135
10.0082
10.0023
9.99615
9.99052
9.98602
9.98289
9.98128
9.98643
9.98763
9.98997
9.9933
9.99739
10.0018
10.006
10.0097
10.0123
10.0138
10.0138
10.0123
10.0097
10.006
10.0018
9.99742
9.99334
9.99002
9.98768
9.98648
9.9903
9.99118
9.99289
9.99531
9.99823
10.0013
10.0043
10.0069
10.0087
10.0097
10.0097
10.0087
10.0069
10.0043
10.0014
9.99827
9.99535
9.99294
9.99123
9.99034
9.99312
9.99375
9.99498
9.99672
9.99879
10.001
10.0031
10.0048
10.0061
10.0068
10.0068
10.0061
10.0049
10.0031
10.001
9.99883
9.99676
9.99503
9.9938
9.99316
9.99511
9.99556
9.99644
9.99769
9.99916
10.0007
10.0022
10.0034
10.0043
10.0048
10.0048
10.0044
10.0034
10.0022
10.0008
9.99921
9.99773
9.99649
9.99561
9.99514
9.99644
9.99677
9.99742
9.99833
9.9994
10.0005
10.0016
10.0025
10.0031
10.0035
10.0035
10.0032
10.0025
10.0016
10.0006
9.99945
9.99838
9.99747
9.99682
9.99647
9.99727
9.99753
9.99802
9.99872
9.99954
10.0004
10.0012
10.0019
10.0024
10.0027
10.0027
10.0024
10.0019
10.0012
10.0004
9.99959
9.99877
9.99807
9.99757
9.99731
9.99769
9.9979
9.99833
9.99892
9.99961
10.0003
10.001
10.0016
10.002
10.0023
10.0023
10.0021
10.0016
10.0011
10.0004
9.99965
9.99896
9.99837
9.99795
9.99773
9.81554
9.80279
9.7728
9.71193
9.58103
9.49304
9.68955
10.1782
10.7294
11.0964
11.0964
10.7294
10.1783
9.68955
9.49304
9.58105
9.71198
9.77284
9.80282
9.81554
9.82171
9.81117
9.7878
9.74712
9.69103
9.68676
9.83293
10.1465
10.5069
10.7509
10.7509
10.5069
10.1465
9.83295
9.68676
9.69104
9.74716
9.78784
9.8112
9.82172
9.8336
9.82656
9.81241
9.79283
9.7805
9.81443
9.93785
10.1516
10.3788
10.525
10.525
10.3789
10.1516
9.93783
9.81442
9.78052
9.79287
9.81244
9.82659
9.83363
9.8499
9.84652
9.84099
9.83735
9.84814
9.89416
9.99256
10.1381
10.2822
10.3712
10.3712
10.2822
10.1381
9.99256
9.89418
9.84818
9.83738
9.84102
9.84655
9.84993
9.86885
9.86852
9.86949
9.87582
9.89694
9.94272
10.0184
10.1176
10.2099
10.2649
10.2649
10.2098
10.1176
10.0184
9.94276
9.89698
9.87585
9.86952
9.86855
9.86888
9.88871
9.89051
9.89556
9.90702
9.93103
9.97137
10.0283
10.096
10.1558
10.1904
10.1904
10.1558
10.0961
10.0283
9.97141
9.93104
9.90703
9.89558
9.89054
9.88874
9.90805
9.91104
9.9181
9.9313
9.95425
9.98763
10.0298
10.0762
10.1154
10.1375
10.1375
10.1154
10.0763
10.0298
9.98763
9.95425
9.93132
9.91814
9.91108
9.90808
9.92586
9.9293
9.93686
9.94973
9.96979
9.99632
10.0272
10.0593
10.0852
10.0996
10.0997
10.0852
10.0593
10.0272
9.99632
9.96981
9.94977
9.93691
9.92934
9.92588
9.94152
9.94492
9.95206
9.96351
9.98008
10.0006
10.0231
10.0453
10.0627
10.0722
10.0723
10.0627
10.0453
10.0231
10.0006
9.98011
9.96355
9.95211
9.94495
9.94154
9.9548
9.95785
9.9641
9.97369
9.98685
10.0024
10.0186
10.0341
10.0459
10.0523
10.0523
10.0459
10.0341
10.0187
10.0024
9.98689
9.97372
9.96413
9.95789
9.95482
9.9657
9.96828
9.97345
9.98114
9.99129
10.0028
10.0145
10.0253
10.0334
10.0378
10.0378
10.0334
10.0253
10.0146
10.0029
9.99132
9.98117
9.97348
9.96832
9.96574
9.97442
9.97649
9.98059
9.98656
9.99421
10.0027
10.0111
10.0186
10.0242
10.0271
10.0271
10.0242
10.0186
10.0111
10.0027
9.99423
9.98659
9.98063
9.97654
9.97447
9.98123
9.98283
9.98597
9.99048
9.99613
10.0023
10.0082
10.0135
10.0173
10.0194
10.0194
10.0173
10.0135
10.0082
10.0023
9.99615
9.99052
9.98602
9.98288
9.98127
9.98642
9.98762
9.98997
9.9933
9.99739
10.0018
10.006
10.0097
10.0123
10.0138
10.0138
10.0123
10.0097
10.006
10.0018
9.99742
9.99334
9.99002
9.98767
9.98647
9.9903
9.99118
9.99289
9.9953
9.99823
10.0013
10.0043
10.0069
10.0087
10.0097
10.0097
10.0087
10.0069
10.0043
10.0014
9.99827
9.99535
9.99294
9.99122
9.99033
9.99311
9.99375
9.99498
9.99671
9.99879
10.001
10.0031
10.0048
10.0061
10.0068
10.0068
10.0061
10.0049
10.0031
10.001
9.99883
9.99676
9.99503
9.99379
9.99315
9.9951
9.99555
9.99644
9.99768
9.99916
10.0007
10.0022
10.0034
10.0043
10.0048
10.0049
10.0044
10.0035
10.0022
10.0008
9.99921
9.99773
9.99649
9.9956
9.99513
9.99644
9.99677
9.99741
9.99832
9.9994
10.0005
10.0016
10.0025
10.0031
10.0035
10.0035
10.0032
10.0025
10.0016
10.0006
9.99945
9.99838
9.99747
9.99681
9.99646
9.99727
9.99752
9.99802
9.99872
9.99954
10.0004
10.0012
10.0019
10.0024
10.0027
10.0027
10.0024
10.0019
10.0013
10.0005
9.99959
9.99877
9.99807
9.99756
9.9973
9.99768
9.9979
9.99832
9.99891
9.99961
10.0003
10.001
10.0016
10.002
10.0023
10.0023
10.0021
10.0016
10.0011
10.0004
9.99966
9.99896
9.99837
9.99794
9.99772
9.81553
9.80279
9.7728
9.71192
9.58102
9.49304
9.68955
10.1783
10.7294
11.0964
11.0964
10.7294
10.1783
9.68955
9.49303
9.58105
9.71198
9.77284
9.80281
9.81553
9.8217
9.81116
9.7878
9.74712
9.69102
9.68676
9.83293
10.1465
10.5069
10.7509
10.7509
10.507
10.1465
9.83294
9.68676
9.69104
9.74716
9.78784
9.81119
9.82171
9.83359
9.82655
9.81241
9.79283
9.78049
9.81442
9.93785
10.1516
10.3788
10.525
10.525
10.3789
10.1516
9.93783
9.81441
9.78052
9.79287
9.81244
9.82658
9.83362
9.8499
9.84652
9.84099
9.83735
9.84814
9.89416
9.99255
10.1381
10.2822
10.3712
10.3712
10.2822
10.1381
9.99256
9.89418
9.84817
9.83737
9.84102
9.84654
9.84992
9.86884
9.86852
9.86948
9.87582
9.89694
9.94272
10.0184
10.1176
10.2099
10.2649
10.2649
10.2098
10.1176
10.0185
9.94276
9.89697
9.87585
9.86951
9.86855
9.86886
9.88871
9.89051
9.89555
9.90701
9.93102
9.97137
10.0283
10.096
10.1558
10.1904
10.1904
10.1558
10.0961
10.0283
9.97141
9.93103
9.90703
9.89558
9.89053
9.88873
9.90804
9.91104
9.91809
9.9313
9.95425
9.98762
10.0298
10.0762
10.1154
10.1376
10.1376
10.1154
10.0763
10.0298
9.98763
9.95425
9.93132
9.91813
9.91108
9.90807
9.92585
9.92929
9.93686
9.94973
9.96979
9.99632
10.0272
10.0593
10.0852
10.0997
10.0997
10.0853
10.0593
10.0272
9.99632
9.96981
9.94977
9.93691
9.92933
9.92587
9.94152
9.94491
9.95206
9.9635
9.98008
10.0006
10.0231
10.0453
10.0627
10.0723
10.0723
10.0627
10.0453
10.0231
10.0006
9.98011
9.96355
9.9521
9.94495
9.94153
9.95479
9.95784
9.96409
9.97368
9.98685
10.0024
10.0187
10.0341
10.0459
10.0523
10.0523
10.0459
10.0341
10.0187
10.0024
9.98688
9.97372
9.96413
9.95788
9.95481
9.9657
9.96827
9.97344
9.98114
9.99129
10.0028
10.0146
10.0253
10.0334
10.0378
10.0378
10.0334
10.0253
10.0146
10.0029
9.99132
9.98117
9.97348
9.96831
9.96573
9.97442
9.97649
9.98058
9.98656
9.9942
10.0027
10.0111
10.0186
10.0242
10.0271
10.0271
10.0242
10.0186
10.0111
10.0027
9.99423
9.98659
9.98062
9.97653
9.97446
9.98122
9.98283
9.98597
9.99048
9.99612
10.0023
10.0082
10.0135
10.0173
10.0194
10.0194
10.0173
10.0135
10.0082
10.0023
9.99615
9.99051
9.98601
9.98287
9.98126
9.98642
9.98762
9.98996
9.99329
9.99739
10.0018
10.006
10.0097
10.0123
10.0138
10.0138
10.0123
10.0097
10.006
10.0018
9.99742
9.99333
9.99001
9.98767
9.98646
9.99029
9.99117
9.99288
9.9953
9.99823
10.0013
10.0043
10.0069
10.0087
10.0097
10.0097
10.0087
10.0069
10.0043
10.0014
9.99827
9.99534
9.99293
9.99122
9.99032
9.99311
9.99374
9.99497
9.99671
9.99879
10.001
10.0031
10.0048
10.0061
10.0068
10.0069
10.0062
10.0049
10.0031
10.001
9.99883
9.99676
9.99503
9.99379
9.99314
9.9951
9.99555
9.99643
9.99768
9.99916
10.0007
10.0022
10.0034
10.0044
10.0049
10.0049
10.0044
10.0035
10.0022
10.0008
9.99921
9.99773
9.99649
9.99559
9.99512
9.99643
9.99676
9.99741
9.99832
9.99939
10.0005
10.0016
10.0025
10.0032
10.0035
10.0035
10.0032
10.0025
10.0016
10.0006
9.99945
9.99838
9.99746
9.99681
9.99645
9.99727
9.99752
9.99801
9.99871
9.99953
10.0004
10.0012
10.0019
10.0024
10.0027
10.0027
10.0024
10.0019
10.0013
10.0005
9.99959
9.99877
9.99807
9.99756
9.99729
9.99768
9.9979
9.99832
9.99891
9.99961
10.0003
10.001
10.0016
10.002
10.0023
10.0023
10.0021
10.0016
10.0011
10.0004
9.99965
9.99895
9.99836
9.99794
9.99772
9.81553
9.80278
9.77279
9.71192
9.58102
9.49304
9.68954
10.1783
10.7294
11.0964
11.0964
10.7294
10.1783
9.68955
9.49303
9.58104
9.71198
9.77284
9.80281
9.81553
9.8217
9.81116
9.7878
9.74712
9.69103
9.68677
9.83294
10.1465
10.5069
10.7509
10.7509
10.507
10.1465
9.83296
9.68676
9.69104
9.74716
9.78784
9.81119
9.82171
9.83359
9.82656
9.81241
9.79282
9.78048
9.81442
9.93787
10.1516
10.3789
10.525
10.525
10.3789
10.1516
9.93784
9.81442
9.78052
9.79287
9.81244
9.82658
9.83362
9.84989
9.84652
9.84099
9.83735
9.84814
9.89414
9.99255
10.1381
10.2822
10.3712
10.3712
10.2822
10.1381
9.99257
9.89418
9.84817
9.83737
9.84102
9.84654
9.84992
9.86884
9.86852
9.86948
9.87582
9.89695
9.94272
10.0184
10.1176
10.2099
10.2649
10.2649
10.2098
10.1176
10.0185
9.94276
9.89696
9.87584
9.86951
9.86855
9.86887
9.8887
9.89051
9.89555
9.90701
9.93102
9.97137
10.0283
10.096
10.1558
10.1904
10.1904
10.1558
10.0961
10.0283
9.97141
9.93103
9.90702
9.89558
9.89054
9.88873
9.90804
9.91104
9.9181
9.9313
9.95424
9.98761
10.0298
10.0762
10.1154
10.1376
10.1376
10.1154
10.0763
10.0298
9.98763
9.95425
9.93131
9.91813
9.91108
9.90807
9.92585
9.9293
9.93687
9.94974
9.96979
9.99631
10.0272
10.0593
10.0852
10.0997
10.0997
10.0852
10.0593
10.0272
9.99632
9.96981
9.94977
9.93691
9.92934
9.92587
9.94152
9.94491
9.95206
9.96351
9.98008
10.0006
10.0231
10.0453
10.0627
10.0723
10.0723
10.0627
10.0453
10.0231
10.0006
9.98011
9.96354
9.9521
9.94495
9.94154
9.95479
9.95785
9.96409
9.97368
9.98685
10.0024
10.0186
10.0341
10.0459
10.0523
10.0523
10.0459
10.0341
10.0187
10.0024
9.98688
9.97372
9.96413
9.95788
9.95482
9.9657
9.96828
9.97344
9.98114
9.99129
10.0028
10.0146
10.0253
10.0334
10.0378
10.0378
10.0334
10.0253
10.0146
10.0029
9.99132
9.98117
9.97347
9.96832
9.96574
9.97442
9.97649
9.98059
9.98656
9.9942
10.0027
10.0111
10.0186
10.0242
10.0271
10.0271
10.0242
10.0186
10.0111
10.0027
9.99423
9.98659
9.98062
9.97654
9.97447
9.98123
9.98283
9.98597
9.99048
9.99612
10.0022
10.0082
10.0135
10.0173
10.0194
10.0194
10.0173
10.0135
10.0082
10.0023
9.99615
9.99051
9.98601
9.98288
9.98128
9.98642
9.98762
9.98997
9.99329
9.99739
10.0018
10.006
10.0097
10.0123
10.0138
10.0138
10.0123
10.0097
10.006
10.0018
9.99742
9.99333
9.99001
9.98767
9.98647
9.99029
9.99117
9.99289
9.9953
9.99823
10.0013
10.0043
10.0069
10.0087
10.0097
10.0097
10.0087
10.0069
10.0043
10.0014
9.99826
9.99534
9.99293
9.99122
9.99034
9.99311
9.99374
9.99498
9.99671
9.99879
10.001
10.0031
10.0048
10.0061
10.0068
10.0069
10.0062
10.0049
10.0031
10.001
9.99883
9.99675
9.99502
9.99379
9.99315
9.9951
9.99555
9.99644
9.99768
9.99916
10.0007
10.0022
10.0034
10.0043
10.0049
10.0049
10.0044
10.0035
10.0022
10.0008
9.9992
9.99773
9.99648
9.9956
9.99514
9.99644
9.99677
9.99742
9.99832
9.99939
10.0005
10.0016
10.0025
10.0032
10.0035
10.0035
10.0032
10.0025
10.0016
10.0006
9.99944
9.99837
9.99746
9.99681
9.99647
9.99727
9.99753
9.99802
9.99872
9.99954
10.0004
10.0012
10.0019
10.0024
10.0027
10.0027
10.0024
10.0019
10.0013
10.0004
9.99959
9.99876
9.99806
9.99757
9.99731
9.99769
9.99791
9.99833
9.99892
9.99962
10.0003
10.001
10.0016
10.002
10.0023
10.0023
10.0021
10.0016
10.0011
10.0004
9.99964
9.99894
9.99836
9.99796
9.99777
9.81553
9.80279
9.7728
9.71193
9.58102
9.49301
9.68949
10.1782
10.7295
11.0965
11.0964
10.7294
10.1783
9.68956
9.49302
9.58102
9.71196
9.77284
9.80281
9.81554
9.8217
9.81117
9.7878
9.74713
9.69104
9.68677
9.83289
10.1464
10.5069
10.7509
10.7509
10.507
10.1465
9.83297
9.68675
9.69101
9.74715
9.78784
9.8112
9.82172
9.8336
9.82656
9.81241
9.79282
9.78049
9.81444
9.93786
10.1516
10.3788
10.525
10.525
10.3789
10.1516
9.93785
9.81442
9.78051
9.79286
9.81244
9.82659
9.83363
9.8499
9.84653
9.841
9.83734
9.84812
9.89415
9.99257
10.1381
10.2822
10.3712
10.3712
10.2822
10.1381
9.99258
9.89419
9.84816
9.83736
9.84102
9.84655
9.84993
9.86885
9.86852
9.86949
9.87583
9.89693
9.94271
10.0184
10.1176
10.2098
10.2649
10.2649
10.2098
10.1176
10.0185
9.94276
9.89696
9.87583
9.86951
9.86856
9.86888
9.88871
9.89051
9.89556
9.90701
9.931
9.97136
10.0283
10.096
10.1558
10.1904
10.1904
10.1558
10.0961
10.0283
9.9714
9.93102
9.90702
9.89558
9.89054
9.88875
9.90805
9.91105
9.9181
9.9313
9.95423
9.9876
10.0298
10.0763
10.1154
10.1375
10.1375
10.1154
10.0763
10.0298
9.98763
9.95424
9.93131
9.91813
9.91108
9.90809
9.92585
9.92931
9.93688
9.94974
9.96978
9.9963
10.0272
10.0593
10.0852
10.0997
10.0997
10.0852
10.0593
10.0272
9.99632
9.9698
9.94976
9.93691
9.92934
9.92589
9.94152
9.94492
9.95207
9.96352
9.98008
10.0006
10.0231
10.0453
10.0627
10.0723
10.0723
10.0627
10.0453
10.0231
10.0006
9.9801
9.96354
9.9521
9.94496
9.94156
9.9548
9.95785
9.9641
9.97369
9.98685
10.0024
10.0186
10.0341
10.0459
10.0523
10.0523
10.0459
10.0341
10.0187
10.0024
9.98687
9.97371
9.96413
9.95789
9.95484
9.96571
9.96828
9.97345
9.98114
9.99129
10.0028
10.0145
10.0253
10.0334
10.0378
10.0378
10.0334
10.0253
10.0146
10.0029
9.99131
9.98116
9.97348
9.96832
9.96576
9.97443
9.9765
9.98059
9.98656
9.9942
10.0027
10.0111
10.0186
10.0242
10.0271
10.0271
10.0242
10.0186
10.0111
10.0027
9.99422
9.98658
9.98063
9.97655
9.97449
9.98123
9.98284
9.98598
9.99048
9.99612
10.0022
10.0082
10.0135
10.0173
10.0194
10.0194
10.0173
10.0135
10.0082
10.0023
9.99614
9.99051
9.98601
9.98289
9.98129
9.98643
9.98763
9.98997
9.9933
9.99739
10.0018
10.006
10.0097
10.0123
10.0138
10.0138
10.0123
10.0097
10.006
10.0018
9.99741
9.99333
9.99001
9.98768
9.98648
9.9903
9.99118
9.99289
9.9953
9.99823
10.0013
10.0043
10.0069
10.0087
10.0097
10.0097
10.0087
10.0069
10.0043
10.0014
9.99826
9.99534
9.99293
9.99123
9.99035
9.99311
9.99375
9.99499
9.99672
9.99879
10.001
10.0031
10.0048
10.0061
10.0068
10.0068
10.0062
10.0049
10.0031
10.001
9.99882
9.99675
9.99503
9.9938
9.99317
9.9951
9.99556
9.99645
9.99769
9.99916
10.0007
10.0022
10.0034
10.0043
10.0048
10.0049
10.0044
10.0035
10.0022
10.0008
9.9992
9.99772
9.99649
9.99561
9.99515
9.99644
9.99678
9.99742
9.99833
9.99939
10.0005
10.0016
10.0025
10.0031
10.0035
10.0035
10.0032
10.0025
10.0016
10.0006
9.99944
9.99837
9.99746
9.99682
9.99649
9.99728
9.99754
9.99804
9.99873
9.99954
10.0004
10.0012
10.0019
10.0024
10.0027
10.0027
10.0024
10.0019
10.0012
10.0004
9.99958
9.99876
9.99807
9.99758
9.99735
9.9977
9.99792
9.99834
9.99893
9.99961
10.0003
10.001
10.0016
10.002
10.0023
10.0023
10.002
10.0016
10.001
10.0004
9.99964
9.99895
9.99837
9.99797
9.99778
)
;

boundaryField
{
    movingWall
    {
        type            wall;
        value           nonuniform List<scalar> 
400
(
9.99772
9.99771
9.99769
9.99769
9.99769
9.99769
9.99768
9.99768
9.99769
9.9977
9.99791
9.99792
9.99791
9.99791
9.99791
9.9979
9.9979
9.9979
9.99791
9.99792
9.99832
9.99833
9.99833
9.99833
9.99833
9.99833
9.99832
9.99832
9.99833
9.99834
9.99891
9.99892
9.99893
9.99892
9.99892
9.99892
9.99891
9.99891
9.99892
9.99893
9.99961
9.99961
9.99962
9.99962
9.99962
9.99961
9.99961
9.99961
9.99962
9.99961
10.0003
10.0003
10.0004
10.0004
10.0003
10.0003
10.0003
10.0003
10.0003
10.0003
10.001
10.001
10.001
10.001
10.001
10.001
10.001
10.001
10.001
10.001
10.0016
10.0016
10.0016
10.0016
10.0016
10.0016
10.0016
10.0016
10.0016
10.0016
10.002
10.002
10.002
10.002
10.002
10.002
10.002
10.002
10.002
10.002
10.0023
10.0023
10.0023
10.0023
10.0023
10.0023
10.0023
10.0023
10.0023
10.0023
10.0023
10.0023
10.0023
10.0023
10.0023
10.0023
10.0023
10.0023
10.0023
10.0023
10.002
10.002
10.002
10.002
10.002
10.0021
10.0021
10.0021
10.0021
10.002
10.0016
10.0016
10.0016
10.0016
10.0016
10.0016
10.0016
10.0016
10.0016
10.0016
10.001
10.001
10.001
10.001
10.0011
10.0011
10.0011
10.0011
10.0011
10.001
10.0004
10.0004
10.0004
10.0004
10.0004
10.0004
10.0004
10.0004
10.0004
10.0004
9.99966
9.99965
9.99964
9.99965
9.99965
9.99965
9.99966
9.99965
9.99964
9.99964
9.99897
9.99897
9.99895
9.99895
9.99896
9.99896
9.99896
9.99895
9.99894
9.99895
9.99838
9.99839
9.99837
9.99837
9.99837
9.99837
9.99837
9.99836
9.99836
9.99837
9.99795
9.99796
9.99796
9.99796
9.99796
9.99795
9.99794
9.99794
9.99796
9.99797
9.99774
9.99774
9.99775
9.99775
9.99774
9.99773
9.99772
9.99772
9.99777
9.99778
9.81554
9.81553
9.81551
9.81553
9.81554
9.81554
9.81554
9.81553
9.81553
9.81553
9.80279
9.80278
9.80278
9.80279
9.80279
9.80279
9.80279
9.80279
9.80278
9.80279
9.7728
9.7728
9.7728
9.7728
9.77281
9.7728
9.7728
9.7728
9.77279
9.7728
9.71192
9.71193
9.71193
9.71193
9.71193
9.71193
9.71193
9.71192
9.71192
9.71193
9.58103
9.58103
9.58104
9.58104
9.58104
9.58104
9.58104
9.58103
9.58103
9.58103
9.48606
9.48606
9.48607
9.48606
9.48607
9.48607
9.48607
9.48606
9.48606
9.48603
9.62773
9.62774
9.62774
9.62773
9.62773
9.62773
9.62773
9.62773
9.62773
9.62768
10.0769
10.077
10.077
10.0769
10.0769
10.0769
10.0769
10.0769
10.077
10.0769
10.6583
10.6583
10.6583
10.6583
10.6583
10.6583
10.6583
10.6583
10.6583
10.6584
11.0855
11.0855
11.0855
11.0855
11.0855
11.0855
11.0855
11.0855
11.0855
11.0856
11.0855
11.0855
11.0855
11.0855
11.0855
11.0855
11.0855
11.0855
11.0855
11.0855
10.6583
10.6583
10.6583
10.6583
10.6583
10.6583
10.6583
10.6583
10.6583
10.6583
10.077
10.077
10.0769
10.0769
10.0769
10.0769
10.077
10.077
10.077
10.077
9.62774
9.62771
9.62773
9.62773
9.62773
9.62773
9.62773
9.62773
9.62774
9.62774
9.48604
9.48604
9.48606
9.48606
9.48606
9.48606
9.48606
9.48606
9.48605
9.48604
9.58104
9.58105
9.58106
9.58106
9.58106
9.58106
9.58106
9.58106
9.58105
9.58103
9.71198
9.71197
9.71197
9.71197
9.71198
9.71198
9.71198
9.71198
9.71198
9.71196
9.77285
9.77284
9.77283
9.77284
9.77284
9.77284
9.77284
9.77284
9.77284
9.77284
9.80282
9.80281
9.80281
9.80282
9.80282
9.80282
9.80282
9.80281
9.80281
9.80281
9.81555
9.81554
9.81554
9.81555
9.81555
9.81555
9.81554
9.81553
9.81553
9.81554
)
;
    }
    in
    {
        type            cyclic;
    }
    out
    {
        type            cyclic;
    }
    front
    {
        type            cyclic;
    }
    back
    {
        type            cyclic;
    }
}


// ************************************************************************* //
