/*--------------------------------*- C++ -*----------------------------------*\
  =========                 |
  \\      /  F ield         | OpenFOAM: The Open Source CFD Toolbox
   \\    /   O peration     | Website:  https://openfoam.org
    \\  /    A nd           | Version:  7
     \\/     M anipulation  |
\*---------------------------------------------------------------------------*/
FoamFile
{
    version     2.0;
    format      ascii;
    class       volScalarField;
    location    "0";
    object      gradTz;
}
// * * * * * * * * * * * * * * * * * * * * * * * * * * * * * * * * * * * * * //

dimensions      [0 -1 0 1 0 0 0];

internalField   nonuniform List<scalar> 
4000
(
-4.2587e-06
-1.1405e-05
-1.52266e-05
-1.15833e-05
-8.07352e-06
-1.13337e-05
-1.21602e-05
-4.6596e-06
-5.8397e-06
-1.34325e-05
-8.28172e-06
1.46275e-05
2.67016e-05
1.59363e-05
5.21498e-06
1.14731e-05
1.53496e-05
1.06526e-05
5.51893e-06
2.30168e-06
-7.75299e-06
-1.42492e-05
-1.68422e-05
-9.05973e-06
3.52712e-06
4.00709e-06
-7.42541e-06
-1.33169e-05
-1.51533e-05
-1.8406e-05
-1.40677e-05
9.91105e-06
3.06e-05
2.66146e-05
1.33476e-05
1.25014e-05
1.36499e-05
8.2656e-06
2.79367e-06
1.37116e-06
-4.25922e-06
-8.82913e-06
-1.38686e-05
-1.34704e-05
-8.26252e-06
-6.69728e-06
-9.97106e-06
-5.55901e-06
8.20608e-06
1.62649e-05
8.84099e-06
1.0068e-06
3.65971e-07
2.30252e-06
4.72589e-06
9.03824e-06
1.03893e-05
6.28515e-06
2.27729e-06
1.28106e-06
-3.52125e-06
-6.83514e-06
-1.05881e-05
-9.8225e-06
-5.8148e-06
-3.90431e-06
-6.00483e-06
-4.38877e-06
5.27896e-06
1.16388e-05
3.52551e-06
-6.91702e-06
-7.16254e-06
1.51468e-07
6.39494e-06
9.44908e-06
9.46117e-06
5.89705e-06
2.67349e-06
1.46388e-06
-4.14421e-06
-6.81395e-06
-5.87897e-06
1.91391e-06
1.01656e-05
9.7437e-06
-1.34974e-06
-1.37888e-05
-1.62845e-05
-1.10961e-05
-7.74476e-06
-4.9984e-06
6.82402e-07
6.71265e-06
9.10555e-06
9.51084e-06
9.08148e-06
6.2187e-06
3.35135e-06
1.67341e-06
-5.56966e-06
-1.3289e-05
-1.86459e-05
-1.54236e-05
-7.17024e-06
6.98976e-08
1.7058e-06
-1.43974e-06
-2.6662e-06
2.14006e-07
3.40353e-06
5.99649e-06
8.24645e-06
9.2601e-06
8.75859e-06
8.92157e-06
9.12162e-06
6.84095e-06
3.98842e-06
1.80407e-06
-3.1202e-06
-9.67934e-06
-1.7048e-05
-1.838e-05
-1.55543e-05
-9.65265e-06
-2.96418e-06
1.42356e-06
4.02721e-06
5.94553e-06
6.79986e-06
7.12492e-06
7.19042e-06
7.1173e-06
7.42949e-06
8.89746e-06
9.63417e-06
7.45472e-06
4.40091e-06
1.82655e-06
-2.06887e-06
-6.09881e-06
-1.05617e-05
-1.0991e-05
-1.06987e-05
-9.3049e-06
-6.04866e-06
-2.32956e-06
6.40752e-07
2.17103e-06
2.50115e-06
2.95784e-06
3.91878e-06
5.41045e-06
7.47413e-06
9.71585e-06
1.02207e-05
7.72866e-06
4.49729e-06
1.75993e-06
-3.5342e-06
-7.79305e-06
-9.84326e-06
-7.6365e-06
-6.10848e-06
-5.84631e-06
-5.39181e-06
-4.00151e-06
-1.98937e-06
-5.80442e-07
1.7178e-07
1.53835e-06
3.67132e-06
6.17993e-06
8.69795e-06
1.05313e-05
1.03278e-05
7.52008e-06
4.33075e-06
1.6466e-06
-5.13781e-06
-1.09552e-05
-1.27217e-05
-9.44604e-06
-6.29892e-06
-4.77232e-06
-4.23367e-06
-3.40266e-06
-1.67347e-06
-7.76216e-08
1.09393e-06
2.88398e-06
5.26677e-06
7.64875e-06
9.61544e-06
1.0624e-05
9.83662e-06
6.96915e-06
4.04044e-06
1.52463e-06
-5.57374e-06
-1.2177e-05
-1.45255e-05
-1.17239e-05
-8.22257e-06
-5.56528e-06
-3.98867e-06
-2.63748e-06
-6.33576e-07
1.24004e-06
2.60423e-06
4.35688e-06
6.4493e-06
8.30739e-06
9.6187e-06
1.00369e-05
9.01737e-06
6.32507e-06
3.76051e-06
1.42016e-06
-5.04199e-06
-1.13737e-05
-1.41097e-05
-1.21499e-05
-9.17228e-06
-6.32242e-06
-4.22208e-06
-2.50087e-06
-3.31909e-07
1.64235e-06
3.02601e-06
4.63579e-06
6.4483e-06
7.97021e-06
8.96761e-06
9.18902e-06
8.2162e-06
5.79852e-06
3.57995e-06
1.34976e-06
-4.28785e-06
-1.0042e-05
-1.27996e-05
-1.13639e-05
-8.99393e-06
-6.45369e-06
-4.4116e-06
-2.74051e-06
-6.88202e-07
1.18873e-06
2.51983e-06
4.067e-06
5.80277e-06
7.27777e-06
8.26493e-06
8.51415e-06
7.66162e-06
5.47201e-06
3.506e-06
1.30321e-06
-3.83899e-06
-9.24678e-06
-1.17999e-05
-1.04757e-05
-8.40221e-06
-6.12821e-06
-4.26886e-06
-2.77031e-06
-9.19481e-07
7.86832e-07
2.0355e-06
3.56236e-06
5.31982e-06
6.86451e-06
7.9245e-06
8.20041e-06
7.37045e-06
5.27553e-06
3.44952e-06
1.22835e-06
-3.76478e-06
-9.16647e-06
-1.14879e-05
-1.00627e-05
-8.01341e-06
-5.80758e-06
-4.01001e-06
-2.57994e-06
-8.37121e-07
7.48641e-07
1.92751e-06
3.43669e-06
5.23057e-06
6.86514e-06
7.99468e-06
8.23398e-06
7.29195e-06
5.13644e-06
3.33685e-06
1.10202e-06
-3.91319e-06
-9.59368e-06
-1.18144e-05
-1.02741e-05
-8.13594e-06
-5.87625e-06
-4.00632e-06
-2.48302e-06
-6.77439e-07
9.42016e-07
2.15464e-06
3.6835e-06
5.52111e-06
7.2566e-06
8.47488e-06
8.66969e-06
7.53609e-06
5.18584e-06
3.28078e-06
9.73266e-07
-4.20081e-06
-1.0448e-05
-1.28648e-05
-1.14047e-05
-9.24801e-06
-6.92654e-06
-4.82661e-06
-2.91772e-06
-7.35241e-07
1.21404e-06
2.69999e-06
4.3967e-06
6.37175e-06
8.28757e-06
9.67135e-06
9.86946e-06
8.5233e-06
5.88132e-06
3.64715e-06
9.1564e-07
-4.51904e-06
-1.14294e-05
-1.43479e-05
-1.33694e-05
-1.15309e-05
-9.45976e-06
-7.21845e-06
-4.73232e-06
-1.84692e-06
8.17265e-07
2.95864e-06
5.14551e-06
7.54905e-06
9.93621e-06
1.17745e-05
1.2251e-05
1.09721e-05
8.27253e-06
5.54868e-06
1.56168e-06
-4.14061e-06
-1.00206e-05
-1.18438e-05
-1.04662e-05
-8.76416e-06
-7.49227e-06
-6.02284e-06
-3.96644e-06
-1.39653e-06
9.92535e-07
2.75594e-06
4.23185e-06
5.71146e-06
7.23627e-06
8.42745e-06
8.46919e-06
7.21254e-06
5.34574e-06
3.75146e-06
7.24295e-07
-2.31707e-06
-3.62105e-06
-1.16034e-07
4.54569e-06
6.9349e-06
5.75997e-06
3.03537e-06
9.81458e-07
4.30571e-07
4.39643e-07
-5.31577e-07
-3.10254e-06
-6.75413e-06
-1.02174e-05
-1.264e-05
-1.44079e-05
-1.47244e-05
-1.12521e-05
-4.20175e-06
-1.22833e-06
-9.01375e-06
-1.97902e-05
-2.31145e-05
-2.06939e-05
-1.58104e-05
-1.39186e-05
-1.23621e-05
-2.04452e-06
7.16709e-06
1.24488e-05
1.6015e-05
1.77416e-05
1.13e-05
1.78544e-06
2.70078e-06
1.60844e-05
1.91297e-05
1.06812e-05
3.09313e-06
4.04717e-07
-8.93328e-06
-1.5746e-05
-1.7543e-05
-1.35484e-05
-4.87561e-06
-5.31118e-06
-1.70232e-05
-1.83813e-05
-6.90598e-06
3.3068e-06
5.89361e-06
1.25657e-05
1.98566e-05
1.72466e-05
1.06635e-05
1.30983e-05
1.37255e-05
6.59443e-06
5.35268e-08
-3.22025e-07
-5.72571e-06
-9.42596e-06
-9.64519e-06
-4.72159e-06
5.70529e-06
8.50783e-06
-3.53919e-06
-1.16336e-05
-3.02197e-06
8.21392e-06
2.45991e-06
-8.58653e-06
-9.82282e-06
-2.7616e-06
4.3481e-06
9.76475e-06
1.02453e-05
4.89058e-06
-2.191e-08
-1.846e-07
-6.22534e-06
-1.09984e-05
-1.18628e-05
-7.3119e-06
2.12164e-06
6.95144e-06
2.81376e-07
-6.63002e-06
-1.77995e-06
6.17123e-06
3.40914e-07
-1.0513e-05
-1.07599e-05
-1.06382e-06
7.26264e-06
1.05258e-05
9.78204e-06
5.13729e-06
8.9824e-07
2.06011e-07
-7.35608e-06
-1.34589e-05
-1.22276e-05
-2.65797e-06
1.01441e-05
1.40925e-05
3.06814e-06
-1.22626e-05
-1.65565e-05
-1.01108e-05
-5.56196e-06
-3.95433e-06
2.19966e-07
6.58318e-06
1.01549e-05
1.1026e-05
1.02282e-05
6.22611e-06
2.02234e-06
5.69517e-07
-7.77771e-06
-1.86045e-05
-2.46077e-05
-2.12231e-05
-1.04429e-05
4.3538e-07
4.02038e-06
9.86389e-07
-5.84682e-07
2.66745e-06
5.79525e-06
6.82288e-06
7.51227e-06
8.89875e-06
9.94282e-06
1.10629e-05
1.10797e-05
7.44588e-06
2.92761e-06
7.88657e-07
-4.92744e-06
-1.33853e-05
-2.03069e-05
-2.11993e-05
-1.73238e-05
-1.00611e-05
-2.57191e-06
2.1533e-06
4.64607e-06
6.41834e-06
7.00932e-06
6.55272e-06
6.18224e-06
7.23545e-06
9.38526e-06
1.18193e-05
1.21755e-05
8.35979e-06
3.42698e-06
8.48353e-07
-4.87194e-06
-1.07977e-05
-1.35322e-05
-1.21114e-05
-1.05084e-05
-8.84261e-06
-6.12159e-06
-2.72035e-06
-3.46348e-08
1.23394e-06
1.64779e-06
2.31019e-06
3.7718e-06
6.65627e-06
1.03058e-05
1.31846e-05
1.30326e-05
8.70754e-06
3.51304e-06
7.98189e-07
-7.76499e-06
-1.50279e-05
-1.50447e-05
-9.99902e-06
-6.12089e-06
-5.02541e-06
-5.02831e-06
-4.00221e-06
-2.28592e-06
-1.12986e-06
-5.18847e-08
2.0201e-06
4.93132e-06
8.55593e-06
1.21499e-05
1.42829e-05
1.32545e-05
8.51788e-06
3.3409e-06
7.10176e-07
-1.02941e-05
-2.01814e-05
-2.03409e-05
-1.41615e-05
-8.04358e-06
-4.71194e-06
-3.68967e-06
-2.5945e-06
-8.78709e-07
5.31117e-07
2.08659e-06
4.68792e-06
7.76648e-06
1.08654e-05
1.34928e-05
1.4618e-05
1.29507e-05
8.08985e-06
3.12425e-06
6.36189e-07
-1.10241e-05
-2.21894e-05
-2.34651e-05
-1.82194e-05
-1.18048e-05
-6.86663e-06
-3.9949e-06
-1.66672e-06
7.12835e-07
2.5437e-06
4.35748e-06
6.99296e-06
9.75911e-06
1.21522e-05
1.39622e-05
1.44649e-05
1.25449e-05
7.74578e-06
3.01709e-06
6.01884e-07
-1.052e-05
-2.15296e-05
-2.35214e-05
-1.95753e-05
-1.40361e-05
-8.93603e-06
-5.18958e-06
-2.03342e-06
8.44978e-07
2.98937e-06
4.9993e-06
7.69468e-06
1.03522e-05
1.24701e-05
1.39822e-05
1.43021e-05
1.23649e-05
7.64962e-06
3.07408e-06
6.17689e-07
-9.87379e-06
-2.03742e-05
-2.25128e-05
-1.93102e-05
-1.46368e-05
-1.00137e-05
-6.23714e-06
-2.89211e-06
1.19564e-07
2.41128e-06
4.62018e-06
7.54046e-06
1.03977e-05
1.26327e-05
1.41778e-05
1.44733e-05
1.24995e-05
7.75854e-06
3.22698e-06
6.49432e-07
-9.71882e-06
-2.00601e-05
-2.20312e-05
-1.89506e-05
-1.46201e-05
-1.03231e-05
-6.66061e-06
-3.32986e-06
-3.19904e-07
2.05126e-06
4.44723e-06
7.64226e-06
1.08099e-05
1.32851e-05
1.4898e-05
1.50553e-05
1.28355e-05
7.88126e-06
3.29426e-06
6.04531e-07
-1.00594e-05
-2.07145e-05
-2.2493e-05
-1.9222e-05
-1.48134e-05
-1.05075e-05
-6.77022e-06
-3.36238e-06
-2.85538e-07
2.21523e-06
4.80334e-06
8.24537e-06
1.17194e-05
1.44611e-05
1.61243e-05
1.60087e-05
1.33087e-05
7.91867e-06
3.17843e-06
4.66382e-07
-1.06925e-05
-2.20624e-05
-2.38097e-05
-2.02832e-05
-1.56113e-05
-1.10847e-05
-7.07094e-06
-3.41873e-06
-1.03214e-07
2.70774e-06
5.59797e-06
9.28508e-06
1.30354e-05
1.60627e-05
1.78269e-05
1.74267e-05
1.41084e-05
8.09222e-06
3.08713e-06
3.32e-07
-1.15884e-05
-2.4188e-05
-2.63532e-05
-2.27696e-05
-1.78528e-05
-1.29713e-05
-8.36887e-06
-4.05258e-06
-5.76442e-08
3.48725e-06
7.00368e-06
1.10994e-05
1.51989e-05
1.85705e-05
2.04945e-05
1.98052e-05
1.57285e-05
8.85434e-06
3.28914e-06
1.65229e-07
-1.27674e-05
-2.71909e-05
-3.05504e-05
-2.75366e-05
-2.26674e-05
-1.7463e-05
-1.2043e-05
-6.62321e-06
-1.40116e-06
3.55872e-06
8.51062e-06
1.38259e-05
1.89785e-05
2.32233e-05
2.56659e-05
2.48903e-05
2.0088e-05
1.22006e-05
5.55162e-06
8.90498e-07
-1.32478e-05
-2.80201e-05
-3.13681e-05
-2.83024e-05
-2.32523e-05
-1.80824e-05
-1.2481e-05
-6.56714e-06
-7.12697e-07
5.07551e-06
1.08867e-05
1.67527e-05
2.21656e-05
2.65062e-05
2.88952e-05
2.75302e-05
2.14654e-05
1.23968e-05
5.2889e-06
5.28778e-07
-1.08059e-05
-2.02583e-05
-1.82737e-05
-1.14266e-05
-4.15367e-06
-1.10742e-07
1.09354e-06
1.44346e-06
2.77142e-06
5.80116e-06
9.47294e-06
1.20329e-05
1.24945e-05
1.12762e-05
8.92033e-06
3.89017e-06
-3.97254e-06
-9.8027e-06
-6.72079e-06
-2.23044e-06
-5.41336e-07
3.08095e-06
9.21665e-06
1.09536e-05
1.35461e-05
1.89145e-05
1.7807e-05
1.08849e-05
7.8724e-06
1.11597e-05
6.86198e-06
-1.48434e-05
-3.30762e-05
-2.99538e-05
-1.6726e-05
-9.05497e-06
-8.41531e-06
-8.82098e-06
-7.34488e-06
-3.43561e-06
2.20356e-06
7.96789e-06
1.40249e-05
1.34434e-05
1.08598e-05
9.18513e-06
3.96193e-06
-8.98614e-07
2.14055e-06
1.0019e-05
8.1664e-06
-8.96654e-06
-2.33508e-05
-2.25594e-05
-1.62122e-05
-1.27013e-05
-1.126e-05
-9.48761e-06
-6.94623e-06
-2.99065e-06
1.63539e-06
6.89994e-06
1.45348e-05
2.07727e-05
2.80126e-05
3.10325e-05
2.05921e-05
1.15907e-06
-1.31079e-05
-1.56333e-05
-1.52111e-05
-1.89619e-05
-2.09429e-05
-1.72251e-05
-1.34422e-05
-1.19804e-05
-1.05813e-05
-8.33134e-06
-6.00356e-06
-2.63411e-06
7.95396e-07
3.38891e-06
7.54063e-06
1.09612e-05
1.6994e-05
2.1938e-05
1.82029e-05
6.39612e-06
-4.94352e-06
-8.79235e-06
-9.3668e-06
-1.19348e-05
-1.42809e-05
-1.37201e-05
-1.22229e-05
-1.102e-05
-9.20102e-06
-6.95352e-06
-5.13102e-06
-2.37547e-06
9.62464e-07
2.09587e-06
3.36208e-06
3.98006e-06
7.83417e-06
1.29897e-05
1.38976e-05
9.21886e-06
2.58834e-06
-1.17422e-06
-3.68603e-06
-7.86306e-06
-1.19603e-05
-1.30445e-05
-1.16444e-05
-9.61938e-06
-7.45129e-06
-5.69899e-06
-4.56886e-06
-2.2476e-06
2.31712e-06
4.44943e-06
5.35962e-06
4.69895e-06
5.85211e-06
8.70227e-06
1.00992e-05
8.03677e-06
3.27891e-06
-1.05527e-06
-4.80834e-06
-9.18011e-06
-1.2682e-05
-1.28751e-05
-1.04941e-05
-7.92899e-06
-5.96255e-06
-4.91806e-06
-4.38348e-06
-2.23846e-06
2.36132e-06
5.80502e-06
8.56152e-06
9.04625e-06
8.68971e-06
8.084e-06
6.84493e-06
4.20444e-06
-1.57486e-07
-4.4487e-06
-7.74753e-06
-1.05588e-05
-1.21835e-05
-1.11638e-05
-8.54684e-06
-6.4228e-06
-5.15297e-06
-4.73139e-06
-4.50029e-06
-2.29743e-06
6.0114e-07
3.51224e-06
7.93827e-06
1.06632e-05
1.10388e-05
9.01808e-06
5.68956e-06
1.99057e-06
-2.22298e-06
-5.97155e-06
-8.2855e-06
-9.62717e-06
-1.01304e-05
-9.03305e-06
-7.1543e-06
-5.83347e-06
-5.09543e-06
-4.93122e-06
-4.71756e-06
-2.35336e-06
-1.41672e-06
-2.90843e-07
4.42182e-06
8.63159e-06
1.06711e-05
9.57471e-06
6.31474e-06
2.49808e-06
-1.55899e-06
-5.0426e-06
-6.98176e-06
-7.87807e-06
-8.35702e-06
-7.92487e-06
-6.91219e-06
-6.03049e-06
-5.33858e-06
-5.10813e-06
-4.80649e-06
-2.34155e-06
-2.53375e-06
-2.92955e-06
1.10311e-06
5.46773e-06
8.51078e-06
8.90202e-06
6.93435e-06
3.84838e-06
4.53421e-08
-3.51621e-06
-5.66444e-06
-6.77733e-06
-7.64004e-06
-7.80882e-06
-7.2074e-06
-6.23871e-06
-5.25391e-06
-4.88559e-06
-4.61375e-06
-2.23817e-06
-2.77311e-06
-3.87249e-06
-6.72778e-07
3.03487e-06
6.0309e-06
7.18845e-06
6.38928e-06
4.21447e-06
7.88894e-07
-2.82166e-06
-5.18579e-06
-6.46844e-06
-7.46492e-06
-7.76651e-06
-7.09179e-06
-5.76117e-06
-4.46892e-06
-4.13479e-06
-4.13086e-06
-2.05721e-06
-2.68777e-06
-3.99264e-06
-1.3633e-06
1.58806e-06
3.9898e-06
5.1153e-06
4.85388e-06
3.34406e-06
3.61982e-07
-3.05071e-06
-5.30678e-06
-6.4011e-06
-7.13023e-06
-7.18047e-06
-6.21672e-06
-4.54403e-06
-3.11664e-06
-3.03257e-06
-3.47503e-06
-1.82896e-06
-2.73134e-06
-4.17174e-06
-1.82563e-06
6.51768e-07
2.49774e-06
3.29546e-06
3.14239e-06
2.0187e-06
-5.31201e-07
-3.54719e-06
-5.41875e-06
-6.0618e-06
-6.30329e-06
-5.97345e-06
-4.76312e-06
-2.94557e-06
-1.60063e-06
-1.90536e-06
-2.83746e-06
-1.6171e-06
-3.02603e-06
-4.73963e-06
-2.52034e-06
-2.12867e-07
1.36571e-06
1.93838e-06
1.79037e-06
8.93601e-07
-1.28896e-06
-3.8484e-06
-5.23315e-06
-5.34995e-06
-5.0643e-06
-4.37005e-06
-3.03897e-06
-1.30152e-06
-2.4171e-07
-1.0258e-06
-2.41425e-06
-1.50079e-06
-3.46924e-06
-5.60448e-06
-3.48292e-06
-1.18475e-06
3.73077e-07
9.24241e-07
8.29548e-07
8.26058e-08
-1.81756e-06
-3.95257e-06
-4.87217e-06
-4.50843e-06
-3.72929e-06
-2.67577e-06
-1.25997e-06
2.77095e-07
8.95917e-07
-4.67467e-07
-2.26358e-06
-1.47947e-06
-3.98673e-06
-6.6623e-06
-4.65705e-06
-2.32974e-06
-6.82969e-07
-7.71955e-09
3.16861e-08
-5.80729e-07
-2.23552e-06
-3.96614e-06
-4.46261e-06
-3.70124e-06
-2.48393e-06
-1.04448e-06
5.27919e-07
1.89235e-06
2.02484e-06
3.12042e-08
-2.13466e-06
-1.45144e-06
-4.6609e-06
-8.156e-06
-6.45653e-06
-4.18523e-06
-2.44282e-06
-1.51209e-06
-1.13412e-06
-1.39923e-06
-2.60487e-06
-3.78139e-06
-3.7954e-06
-2.64884e-06
-1.0045e-06
8.50005e-07
2.64131e-06
3.88163e-06
3.50588e-06
7.69667e-07
-1.93275e-06
-1.45955e-06
-5.75302e-06
-1.07489e-05
-9.98151e-06
-8.12346e-06
-6.23891e-06
-4.65213e-06
-3.43328e-06
-2.96479e-06
-3.4637e-06
-3.80638e-06
-2.88769e-06
-7.94884e-07
1.72964e-06
4.178e-06
6.1581e-06
7.17479e-06
6.07556e-06
2.18087e-06
-1.39817e-06
-1.34364e-06
-7.14511e-06
-1.41978e-05
-1.49552e-05
-1.38695e-05
-1.18993e-05
-9.64663e-06
-7.29095e-06
-5.32342e-06
-4.17417e-06
-2.88464e-06
-4.5037e-07
2.98442e-06
6.70197e-06
1.01991e-05
1.31647e-05
1.4703e-05
1.28671e-05
6.95902e-06
1.35861e-06
-3.5611e-07
-7.31169e-06
-1.45345e-05
-1.62337e-05
-1.57114e-05
-1.22538e-05
-7.62676e-06
-4.07065e-06
-2.49163e-06
-2.32854e-06
-1.36828e-06
1.82391e-06
6.48371e-06
1.11673e-05
1.48423e-05
1.73775e-05
1.78367e-05
1.3217e-05
3.24104e-06
-2.50451e-06
-1.02676e-06
5.86184e-06
1.51601e-05
2.17262e-05
2.50402e-05
2.66254e-05
2.78678e-05
2.50105e-05
1.32895e-05
-4.54219e-06
-1.80874e-05
-2.18699e-05
-2.19139e-05
-2.18159e-05
-2.11425e-05
-2.09939e-05
-2.08861e-05
-1.82293e-05
-1.26535e-05
-6.44088e-06
-1.62984e-06
5.23354e-06
1.3106e-05
1.84194e-05
2.08761e-05
2.16913e-05
2.17417e-05
1.84615e-05
9.35461e-06
-3.04141e-06
-1.15393e-05
-1.31535e-05
-1.37495e-05
-1.60654e-05
-1.85498e-05
-2.05358e-05
-2.05838e-05
-1.72112e-05
-1.13482e-05
-5.49428e-06
-1.31769e-06
5.37384e-06
1.18598e-05
1.46637e-05
1.50179e-05
1.57096e-05
1.7922e-05
1.79819e-05
1.17849e-05
1.36555e-06
-6.54111e-06
-9.36936e-06
-1.12391e-05
-1.45143e-05
-1.81513e-05
-2.0558e-05
-2.00654e-05
-1.6132e-05
-1.02075e-05
-4.86096e-06
-1.20728e-06
6.00792e-06
1.2741e-05
1.42706e-05
1.23669e-05
1.11313e-05
1.29376e-05
1.50066e-05
1.24401e-05
4.97073e-06
-2.34145e-06
-6.91922e-06
-1.07748e-05
-1.52377e-05
-1.92011e-05
-2.08331e-05
-1.91838e-05
-1.47538e-05
-9.15282e-06
-4.49326e-06
-1.24561e-06
6.69319e-06
1.4281e-05
1.60262e-05
1.37082e-05
1.10519e-05
1.08976e-05
1.21102e-05
1.0671e-05
5.07877e-06
-1.56776e-06
-7.20122e-06
-1.23969e-05
-1.73003e-05
-2.04542e-05
-2.04635e-05
-1.7644e-05
-1.31966e-05
-8.38834e-06
-4.46982e-06
-1.41547e-06
6.72357e-06
1.49275e-05
1.77273e-05
1.64344e-05
1.35343e-05
1.16097e-05
1.07333e-05
8.23375e-06
2.70736e-06
-3.85562e-06
-9.79875e-06
-1.49332e-05
-1.88192e-05
-2.02132e-05
-1.87134e-05
-1.55868e-05
-1.18654e-05
-8.08318e-06
-4.76084e-06
-1.66638e-06
5.85287e-06
1.37207e-05
1.736e-05
1.73022e-05
1.47477e-05
1.16903e-05
8.99991e-06
5.35194e-06
-8.32163e-08
-5.96952e-06
-1.10193e-05
-1.48889e-05
-1.72907e-05
-1.75551e-05
-1.59499e-05
-1.37371e-05
-1.12002e-05
-8.2796e-06
-5.23591e-06
-1.92176e-06
4.71186e-06
1.16051e-05
1.54316e-05
1.60783e-05
1.38811e-05
1.02718e-05
6.62454e-06
2.7497e-06
-1.66866e-06
-5.97694e-06
-9.53489e-06
-1.22554e-05
-1.41166e-05
-1.46522e-05
-1.40827e-05
-1.30935e-05
-1.13783e-05
-8.78006e-06
-5.67944e-06
-2.10239e-06
4.06848e-06
1.01677e-05
1.39055e-05
1.4999e-05
1.33269e-05
9.77507e-06
5.70455e-06
1.61219e-06
-2.27518e-06
-5.63815e-06
-8.38676e-06
-1.07422e-05
-1.28109e-05
-1.40193e-05
-1.42613e-05
-1.37246e-05
-1.19825e-05
-9.16152e-06
-5.84821e-06
-2.14031e-06
3.99851e-06
9.70992e-06
1.32579e-05
1.46348e-05
1.35742e-05
1.05355e-05
6.44745e-06
1.9214e-06
-2.38519e-06
-6.02761e-06
-9.0217e-06
-1.16692e-05
-1.40677e-05
-1.55104e-05
-1.56929e-05
-1.46599e-05
-1.22446e-05
-8.98976e-06
-5.58756e-06
-2.01897e-06
4.11935e-06
9.60223e-06
1.2843e-05
1.42097e-05
1.35212e-05
1.10728e-05
7.30889e-06
2.57452e-06
-2.33784e-06
-6.71727e-06
-1.0361e-05
-1.3431e-05
-1.59404e-05
-1.71385e-05
-1.67143e-05
-1.48063e-05
-1.1643e-05
-8.12826e-06
-4.92691e-06
-1.77459e-06
4.20852e-06
9.44004e-06
1.22718e-05
1.332e-05
1.25845e-05
1.04476e-05
7.08584e-06
2.52077e-06
-2.57156e-06
-7.34718e-06
-1.1358e-05
-1.45769e-05
-1.69289e-05
-1.76875e-05
-1.66127e-05
-1.39587e-05
-1.03023e-05
-6.80611e-06
-4.03837e-06
-1.46523e-06
4.21988e-06
9.18736e-06
1.16255e-05
1.22348e-05
1.11622e-05
8.98932e-06
5.86508e-06
1.63152e-06
-3.22728e-06
-7.89401e-06
-1.18082e-05
-1.48398e-05
-1.68645e-05
-1.72026e-05
-1.56765e-05
-1.2578e-05
-8.71054e-06
-5.41102e-06
-3.15461e-06
-1.17248e-06
4.18636e-06
8.93916e-06
1.11058e-05
1.1356e-05
9.90728e-06
7.51228e-06
4.40469e-06
4.15505e-07
-4.10612e-06
-8.42435e-06
-1.19826e-05
-1.46557e-05
-1.63105e-05
-1.63093e-05
-1.45184e-05
-1.12085e-05
-7.3074e-06
-4.26758e-06
-2.47907e-06
-9.64195e-07
4.16805e-06
8.78204e-06
1.0797e-05
1.0823e-05
9.10273e-06
6.45999e-06
3.20151e-06
-7.35522e-07
-5.04189e-06
-9.03964e-06
-1.22216e-05
-1.4535e-05
-1.58547e-05
-1.55701e-05
-1.35914e-05
-1.01686e-05
-6.3098e-06
-3.53189e-06
-2.09894e-06
-8.58035e-07
4.18196e-06
8.7204e-06
1.06587e-05
1.05164e-05
8.60926e-06
5.76372e-06
2.29159e-06
-1.71269e-06
-5.92172e-06
-9.69868e-06
-1.25816e-05
-1.45973e-05
-1.56241e-05
-1.50777e-05
-1.29247e-05
-9.40298e-06
-5.57366e-06
-2.99175e-06
-1.81602e-06
-8.03738e-07
4.16889e-06
8.54987e-06
1.03671e-05
9.98552e-06
7.85468e-06
4.81269e-06
1.16007e-06
-2.84412e-06
-6.87575e-06
-1.04085e-05
-1.30092e-05
-1.47029e-05
-1.53338e-05
-1.4391e-05
-1.19366e-05
-8.17662e-06
-4.21131e-06
-1.75475e-06
-1.00186e-06
-5.24845e-07
3.87706e-06
7.71602e-06
9.11998e-06
8.30094e-06
5.96509e-06
2.97122e-06
-5.21538e-07
-4.31897e-06
-8.14772e-06
-1.14398e-05
-1.35945e-05
-1.46035e-05
-1.44775e-05
-1.30018e-05
-1.03323e-05
-6.47814e-06
-2.53171e-06
-4.6193e-07
-2.74942e-07
-2.60955e-07
3.03005e-06
5.69644e-06
6.5082e-06
5.36265e-06
2.84579e-06
-4.11042e-07
-3.93459e-06
-7.14171e-06
-9.90362e-06
-1.20118e-05
-1.31304e-05
-1.34379e-05
-1.29643e-05
-1.13747e-05
-8.60321e-06
-4.51716e-06
-2.43733e-07
1.84943e-06
1.5666e-06
6.35743e-07
1.82762e-06
3.21134e-06
3.13625e-06
5.06618e-07
-2.72977e-06
-5.14334e-06
-6.83762e-06
-8.14251e-06
-9.65363e-06
-1.11506e-05
-1.18583e-05
-1.15839e-05
-1.0061e-05
-7.65256e-06
-4.66605e-06
-3.7343e-08
4.67086e-06
4.83102e-06
2.37796e-06
9.93169e-07
2.25317e-06
4.64924e-06
4.46785e-06
2.85099e-06
1.44666e-06
2.01751e-06
3.71101e-06
3.58961e-06
4.80734e-07
-3.48495e-06
-4.9067e-06
-4.03796e-06
-3.36334e-06
-3.89818e-06
-5.18713e-06
-5.69959e-06
-4.54374e-06
-2.53291e-06
-5.58646e-07
3.90551e-07
2.68355e-06
4.88713e-06
4.07987e-06
1.6624e-06
-7.37244e-07
-9.20315e-07
1.39749e-06
3.16048e-06
1.9115e-06
-1.27551e-06
-2.88996e-06
-2.74578e-06
-2.57656e-06
-3.23854e-06
-4.46135e-06
-4.99589e-06
-4.07111e-06
-2.37348e-06
-4.6576e-07
4.13017e-07
2.87384e-06
5.52349e-06
5.01263e-06
2.3672e-06
-5.57791e-07
-1.21448e-06
4.33757e-07
1.75679e-06
8.25995e-07
-1.57967e-06
-2.83981e-06
-2.66104e-06
-2.49848e-06
-3.24687e-06
-4.28012e-06
-4.475e-06
-3.54835e-06
-1.86749e-06
-1.656e-07
4.02837e-07
2.91917e-06
6.07725e-06
6.05733e-06
3.59972e-06
6.19186e-07
-4.6424e-07
2.72965e-07
6.7009e-07
-8.00692e-07
-3.12475e-06
-4.05027e-06
-3.40868e-06
-2.89497e-06
-3.51642e-06
-4.31342e-06
-4.02173e-06
-2.78798e-06
-1.13274e-06
1.53999e-07
3.44812e-07
2.6171e-06
5.91618e-06
6.53898e-06
4.71079e-06
1.72001e-06
-2.46952e-07
-6.97018e-07
-8.28024e-07
-1.81652e-06
-3.14589e-06
-3.66038e-06
-3.5742e-06
-4.00941e-06
-4.90529e-06
-4.94132e-06
-3.58781e-06
-1.8439e-06
-4.16465e-07
3.03548e-07
2.08344e-07
1.94276e-06
4.90945e-06
6.20561e-06
5.68657e-06
3.92682e-06
2.35952e-06
1.34131e-06
2.37029e-07
-1.5612e-06
-3.61749e-06
-5.26527e-06
-6.49304e-06
-7.42331e-06
-7.29609e-06
-5.47383e-06
-2.89623e-06
-1.01375e-06
-7.74886e-08
1.48562e-07
-9.86686e-09
1.13667e-06
3.21462e-06
4.36441e-06
4.41834e-06
3.92629e-06
3.70353e-06
3.34127e-06
1.97138e-06
-7.35533e-07
-4.0609e-06
-6.88914e-06
-8.52916e-06
-8.73326e-06
-7.18196e-06
-4.31755e-06
-1.78466e-06
-5.66688e-07
-2.41269e-07
-2.58538e-07
-2.5394e-07
7.32021e-07
2.0811e-06
2.30697e-06
1.23265e-06
-7.39041e-08
-3.98339e-07
1.03067e-07
4.45024e-07
-2.72425e-07
-2.13477e-06
-4.24526e-06
-5.56604e-06
-5.63284e-06
-4.31536e-06
-2.31883e-06
-1.01313e-06
-7.02462e-07
-7.26118e-07
-6.96174e-07
-4.38213e-07
9.94394e-07
2.51973e-06
2.3908e-06
3.3772e-07
-2.4262e-06
-4.26385e-06
-4.45045e-06
-3.27755e-06
-1.83537e-06
-1.28093e-06
-1.67729e-06
-2.30077e-06
-2.6101e-06
-2.2341e-06
-1.50437e-06
-1.19016e-06
-1.21723e-06
-1.12342e-06
-8.69093e-07
-4.70103e-07
1.45967e-06
3.57734e-06
3.80796e-06
1.92183e-06
-1.21563e-06
-4.20324e-06
-5.90719e-06
-5.74324e-06
-4.23677e-06
-2.82686e-06
-2.29653e-06
-2.42905e-06
-2.7806e-06
-2.75374e-06
-2.33333e-06
-1.94449e-06
-1.52538e-06
-9.99172e-07
-5.80664e-07
-3.15071e-07
1.59162e-06
3.88843e-06
4.44374e-06
3.22959e-06
7.44229e-07
-2.19961e-06
-4.74673e-06
-5.9431e-06
-5.63457e-06
-4.86582e-06
-4.49167e-06
-4.54658e-06
-4.71154e-06
-4.35445e-06
-3.39789e-06
-2.26266e-06
-1.10845e-06
-2.03098e-07
1.4376e-07
-1.33671e-08
1.39759e-06
3.28752e-06
3.66584e-06
2.77045e-06
9.99134e-07
-1.26321e-06
-3.66218e-06
-5.38491e-06
-5.9792e-06
-6.02556e-06
-6.09878e-06
-6.21487e-06
-6.1032e-06
-5.19856e-06
-3.52607e-06
-1.63938e-06
6.15507e-08
1.08369e-06
1.12528e-06
3.66426e-07
1.12468e-06
2.39224e-06
2.24729e-06
1.14853e-06
-4.02169e-07
-2.12149e-06
-3.9682e-06
-5.43365e-06
-6.12866e-06
-6.4119e-06
-6.6026e-06
-6.63413e-06
-6.22317e-06
-4.85841e-06
-2.67443e-06
-3.34257e-07
1.59693e-06
2.50425e-06
2.12534e-06
7.38812e-07
9.4807e-07
1.74608e-06
1.09257e-06
-4.28089e-07
-2.17065e-06
-3.75599e-06
-5.19926e-06
-6.20917e-06
-6.58159e-06
-6.64438e-06
-6.60688e-06
-6.3958e-06
-5.70889e-06
-4.03237e-06
-1.55482e-06
1.00512e-06
2.98239e-06
3.69546e-06
2.93048e-06
1.03275e-06
9.19372e-07
1.51062e-06
5.31626e-07
-1.35339e-06
-3.42269e-06
-5.17981e-06
-6.55201e-06
-7.31806e-06
-7.40534e-06
-7.15505e-06
-6.75984e-06
-6.23663e-06
-5.30079e-06
-3.40373e-06
-7.41133e-07
1.95067e-06
3.94412e-06
4.52082e-06
3.50876e-06
1.2547e-06
1.00799e-06
1.606e-06
4.65466e-07
-1.67015e-06
-4.04895e-06
-6.0954e-06
-7.61981e-06
-8.37259e-06
-8.3281e-06
-7.83967e-06
-7.10693e-06
-6.27032e-06
-5.10439e-06
-3.05313e-06
-3.0493e-07
2.4463e-06
4.47993e-06
5.04857e-06
3.93034e-06
1.41295e-06
1.17837e-06
1.84967e-06
6.03268e-07
-1.74148e-06
-4.43179e-06
-6.81773e-06
-8.61045e-06
-9.49812e-06
-9.43756e-06
-8.82052e-06
-7.85495e-06
-6.73483e-06
-5.28251e-06
-3.00189e-06
-9.85766e-08
2.83722e-06
5.13388e-06
5.91316e-06
4.73992e-06
1.8269e-06
1.28632e-06
1.82787e-06
3.03555e-07
-2.38399e-06
-5.43983e-06
-8.05772e-06
-9.95167e-06
-1.0986e-05
-1.11158e-05
-1.05475e-05
-9.28153e-06
-7.50304e-06
-5.2482e-06
-2.29967e-06
1.01691e-06
4.18287e-06
6.57506e-06
7.29183e-06
5.85742e-06
2.38811e-06
1.03437e-06
9.12184e-07
-9.65695e-07
-3.62872e-06
-6.64708e-06
-9.53985e-06
-1.19271e-05
-1.33398e-05
-1.34217e-05
-1.21782e-05
-9.77512e-06
-6.84213e-06
-3.70825e-06
-1.84901e-07
3.23441e-06
5.89961e-06
7.78651e-06
8.27144e-06
6.73882e-06
2.93775e-06
4.48623e-07
-3.48765e-07
-1.92456e-06
-4.80038e-06
-8.7627e-06
-1.24329e-05
-1.49141e-05
-1.56431e-05
-1.46102e-05
-1.22281e-05
-9.06892e-06
-5.73411e-06
-1.82731e-06
2.41247e-06
5.43854e-06
7.27893e-06
9.11921e-06
9.55865e-06
7.48631e-06
3.1388e-06
2.95688e-07
-5.62549e-07
-3.32211e-06
-6.91219e-06
-1.00128e-05
-1.16374e-05
-1.12835e-05
-9.00622e-06
-6.52901e-06
-5.26398e-06
-3.82963e-06
-3.47331e-07
3.96219e-06
7.17967e-06
8.89182e-06
9.90743e-06
1.03952e-05
9.03584e-06
5.78087e-06
1.96531e-06
4.58647e-08
-1.10668e-06
-3.65043e-06
-6.72482e-06
-9.90206e-06
-1.20499e-05
-1.18305e-05
-1.01901e-05
-8.46242e-06
-7.42092e-06
-5.0115e-06
-4.88365e-07
4.47283e-06
8.45689e-06
1.10089e-05
1.2297e-05
1.25008e-05
1.00503e-05
6.18391e-06
2.11754e-06
-4.32339e-07
-1.81868e-06
-4.07848e-06
-6.42925e-06
-9.03141e-06
-1.1726e-05
-1.32219e-05
-1.27004e-05
-1.04036e-05
-7.64476e-06
-3.90221e-06
1.02138e-06
5.86049e-06
9.39929e-06
1.16336e-05
1.26976e-05
1.24619e-05
1.01262e-05
6.58385e-06
2.36225e-06
-9.00759e-07
-2.77907e-06
-4.89782e-06
-6.6639e-06
-7.9862e-06
-9.39395e-06
-1.09076e-05
-1.18326e-05
-1.15572e-05
-9.78882e-06
-5.43003e-06
1.17205e-06
7.28056e-06
1.04572e-05
1.12427e-05
1.14805e-05
1.14148e-05
9.95712e-06
6.95331e-06
2.56542e-06
-1.41791e-06
-3.68747e-06
-5.89496e-06
-8.05732e-06
-1.03536e-05
-1.29038e-05
-1.51055e-05
-1.54275e-05
-1.29495e-05
-7.68934e-06
-2.17452e-07
7.2384e-06
1.15374e-05
1.18497e-05
1.0537e-05
1.02841e-05
1.06802e-05
9.86203e-06
7.11078e-06
2.64002e-06
-1.87918e-06
-4.34384e-06
-5.87103e-06
-6.95275e-06
-8.67738e-06
-1.17751e-05
-1.54413e-05
-1.69796e-05
-1.43266e-05
-7.52735e-06
1.05037e-06
7.71823e-06
1.01619e-05
9.65337e-06
9.08279e-06
9.83989e-06
1.06358e-05
9.83131e-06
7.00216e-06
2.57728e-06
-2.27591e-06
-5.38338e-06
-6.81511e-06
-6.37127e-06
-4.89629e-06
-4.53994e-06
-7.06306e-06
-1.10637e-05
-1.3264e-05
-1.13315e-05
-5.92271e-06
-8.73992e-08
3.83193e-06
6.26591e-06
8.43761e-06
1.0311e-05
1.08947e-05
9.6349e-06
6.67307e-06
2.43521e-06
-2.24378e-06
-6.06789e-06
-9.2185e-06
-1.06746e-05
-9.43525e-06
-6.62364e-06
-5.09659e-06
-6.12918e-06
-8.28875e-06
-8.92809e-06
-6.61004e-06
-2.31886e-06
2.17e-06
6.1745e-06
9.3608e-06
1.10591e-05
1.09487e-05
9.23803e-06
6.27818e-06
2.30656e-06
-1.43418e-06
-4.65655e-06
-8.94528e-06
-1.32577e-05
-1.5313e-05
-1.41069e-05
-1.09414e-05
-7.88506e-06
-5.98406e-06
-4.67009e-06
-2.54553e-06
7.54054e-07
4.47583e-06
7.92226e-06
1.03977e-05
1.13046e-05
1.06997e-05
8.90319e-06
6.09741e-06
2.30311e-06
-5.29743e-07
-2.35069e-06
-6.16419e-06
-1.13777e-05
-1.5901e-05
-1.77454e-05
-1.62705e-05
-1.24081e-05
-7.91307e-06
-4.08711e-06
-7.66694e-07
2.51221e-06
5.63757e-06
8.36417e-06
1.02588e-05
1.09693e-05
1.05426e-05
9.02398e-06
6.35618e-06
2.48198e-06
-2.91171e-07
-1.33103e-06
-4.17369e-06
-8.56176e-06
-1.32657e-05
-1.6658e-05
-1.73516e-05
-1.49851e-05
-1.06373e-05
-6.09335e-06
-2.07077e-06
1.5185e-06
4.6937e-06
7.46192e-06
9.58174e-06
1.07882e-05
1.09446e-05
9.77184e-06
7.06234e-06
2.81669e-06
-6.77526e-07
-2.03616e-06
-4.55423e-06
-7.98837e-06
-1.1741e-05
-1.49226e-05
-1.64048e-05
-1.53323e-05
-1.2007e-05
-7.88049e-06
-3.83641e-06
-1.56821e-08
3.53849e-06
6.82098e-06
9.55607e-06
1.14058e-05
1.20571e-05
1.10298e-05
8.06289e-06
3.24958e-06
-1.2415e-06
-3.48347e-06
-6.40188e-06
-9.58925e-06
-1.2622e-05
-1.50254e-05
-1.61452e-05
-1.52642e-05
-1.23818e-05
-8.58003e-06
-4.58867e-06
-5.73567e-07
3.38755e-06
7.20671e-06
1.04826e-05
1.27504e-05
1.35942e-05
1.24697e-05
9.11852e-06
3.69582e-06
-1.6414e-06
-4.65464e-06
-8.19228e-06
-1.16957e-05
-1.46449e-05
-1.65782e-05
-1.7098e-05
-1.57947e-05
-1.27137e-05
-8.78641e-06
-4.61402e-06
-3.53004e-07
3.92994e-06
8.12126e-06
1.17337e-05
1.41881e-05
1.50183e-05
1.36914e-05
9.97814e-06
4.05106e-06
-1.78277e-06
-5.17982e-06
-9.18128e-06
-1.31445e-05
-1.64102e-05
-1.83384e-05
-1.8558e-05
-1.68814e-05
-1.34631e-05
-9.19905e-06
-4.65643e-06
-5.16064e-08
4.53202e-06
8.98922e-06
1.28115e-05
1.53543e-05
1.61389e-05
1.46655e-05
1.07039e-05
4.36144e-06
-1.73929e-06
-5.17703e-06
-9.41631e-06
-1.37782e-05
-1.75028e-05
-1.9728e-05
-1.99848e-05
-1.81898e-05
-1.45487e-05
-9.94951e-06
-4.98105e-06
4.16132e-08
4.96692e-06
9.65362e-06
1.36028e-05
1.61947e-05
1.70022e-05
1.55218e-05
1.14138e-05
4.70271e-06
-1.5659e-06
-4.84108e-06
-9.18469e-06
-1.38929e-05
-1.81268e-05
-2.07829e-05
-2.12519e-05
-1.95178e-05
-1.57963e-05
-1.09779e-05
-5.71203e-06
-3.79703e-07
4.80671e-06
9.63389e-06
1.36537e-05
1.63591e-05
1.73755e-05
1.61251e-05
1.21165e-05
5.19419e-06
-1.27382e-06
-4.31131e-06
-8.74826e-06
-1.38631e-05
-1.87222e-05
-2.18561e-05
-2.245e-05
-2.07267e-05
-1.71081e-05
-1.23794e-05
-7.05843e-06
-1.47904e-06
4.05948e-06
9.23043e-06
1.36115e-05
1.66364e-05
1.78438e-05
1.68268e-05
1.29589e-05
5.71679e-06
-1.00959e-06
-4.00707e-06
-8.65197e-06
-1.39202e-05
-1.88849e-05
-2.2243e-05
-2.32607e-05
-2.20954e-05
-1.90377e-05
-1.44956e-05
-8.92056e-06
-2.90899e-06
3.11211e-06
8.96825e-06
1.40774e-05
1.73245e-05
1.83866e-05
1.70786e-05
1.31819e-05
5.8988e-06
-1.0259e-06
-4.24866e-06
-8.34778e-06
-1.29053e-05
-1.78364e-05
-2.17977e-05
-2.37057e-05
-2.32359e-05
-2.04445e-05
-1.57452e-05
-1.01183e-05
-4.43126e-06
1.65414e-06
8.22558e-06
1.40337e-05
1.72191e-05
1.80811e-05
1.70643e-05
1.31984e-05
6.0311e-06
-1.66895e-06
-5.29748e-06
-9.02102e-06
-1.24332e-05
-1.49215e-05
-1.70282e-05
-1.85762e-05
-1.73596e-05
-1.43006e-05
-1.03398e-05
-5.04594e-06
3.41022e-06
1.19416e-05
1.56733e-05
1.50295e-05
1.44663e-05
1.56862e-05
1.62454e-05
1.20676e-05
4.5167e-06
-2.42991e-06
-6.72761e-06
-1.09047e-05
-1.4477e-05
-1.75626e-05
-1.91456e-05
-1.80965e-05
-1.64726e-05
-1.49424e-05
-1.22901e-05
-5.48399e-06
4.78422e-06
1.31823e-05
1.66775e-05
1.65373e-05
1.61023e-05
1.8138e-05
1.80512e-05
1.3002e-05
4.96914e-06
-2.91776e-06
-8.00622e-06
-1.22703e-05
-1.52391e-05
-1.88095e-05
-2.36098e-05
-2.65851e-05
-2.56876e-05
-1.98056e-05
-1.09242e-05
-6.89334e-07
9.27554e-06
1.66978e-05
2.05086e-05
2.13064e-05
2.00596e-05
1.96727e-05
1.81338e-05
1.3127e-05
5.29123e-06
-3.46358e-06
-9.39629e-06
-1.38479e-05
-1.58661e-05
-1.61335e-05
-1.66812e-05
-1.75857e-05
-1.88882e-05
-1.91504e-05
-1.73604e-05
-1.12326e-05
3.70737e-07
1.37559e-05
2.24106e-05
2.41831e-05
2.17605e-05
1.99221e-05
1.7974e-05
1.32974e-05
5.56094e-06
-3.71522e-06
-9.94847e-06
-1.54031e-05
-1.98297e-05
-2.25189e-05
-2.30389e-05
-2.09682e-05
-1.76042e-05
-1.42792e-05
-1.10239e-05
-5.18913e-06
4.90963e-06
1.61053e-05
2.25016e-05
2.26844e-05
2.034e-05
1.9027e-05
1.74857e-05
1.32221e-05
5.6399e-06
-3.69518e-06
-9.25347e-06
-1.36718e-05
-1.87165e-05
-2.54114e-05
-3.18743e-05
-3.36876e-05
-2.79281e-05
-1.62113e-05
-3.00614e-06
8.17001e-06
1.58828e-05
1.99569e-05
2.08018e-05
1.97516e-05
1.87755e-05
1.84244e-05
1.70226e-05
1.28472e-05
5.53156e-06
-3.83937e-06
-9.24789e-06
-1.16319e-05
-1.24257e-05
-1.45431e-05
-1.98598e-05
-2.66844e-05
-2.94835e-05
-2.43216e-05
-1.25343e-05
6.83025e-07
1.0389e-05
1.52499e-05
1.71707e-05
1.80872e-05
1.86907e-05
1.85102e-05
1.66428e-05
1.23113e-05
5.31832e-06
-3.87954e-06
-1.04289e-05
-1.43149e-05
-1.49766e-05
-1.34373e-05
-1.28067e-05
-1.59831e-05
-2.09163e-05
-2.233e-05
-1.71611e-05
-7.1374e-06
3.16739e-06
1.07022e-05
1.55126e-05
1.83651e-05
1.94701e-05
1.87464e-05
1.62195e-05
1.17527e-05
5.10969e-06
-2.90316e-06
-9.30054e-06
-1.55176e-05
-1.99202e-05
-2.06074e-05
-1.81647e-05
-1.60287e-05
-1.60099e-05
-1.61348e-05
-1.32766e-05
-6.3397e-06
2.54026e-06
1.04386e-05
1.60438e-05
1.91589e-05
1.99201e-05
1.86758e-05
1.58144e-05
1.13832e-05
5.01781e-06
-1.56551e-06
-6.20066e-06
-1.26618e-05
-1.96894e-05
-2.43299e-05
-2.46067e-05
-2.16412e-05
-1.7843e-05
-1.41545e-05
-9.84649e-06
-3.66146e-06
3.94732e-06
1.10493e-05
1.62143e-05
1.90387e-05
1.96915e-05
1.85031e-05
1.57269e-05
1.13959e-05
5.09941e-06
-9.71155e-07
-4.07638e-06
-9.30031e-06
-1.62312e-05
-2.25959e-05
-2.57593e-05
-2.48844e-05
-2.10377e-05
-1.57355e-05
-9.98548e-06
-3.49448e-06
3.69995e-06
1.03606e-05
1.53283e-05
1.8284e-05
1.93886e-05
1.87012e-05
1.61686e-05
1.18217e-05
5.33505e-06
-1.28672e-06
-4.21956e-06
-8.46793e-06
-1.41476e-05
-2.00233e-05
-2.40453e-05
-2.48568e-05
-2.23581e-05
-1.742e-05
-1.14311e-05
-4.75396e-06
2.46825e-06
9.23365e-06
1.45071e-05
1.79704e-05
1.97062e-05
1.9508e-05
1.70832e-05
1.2531e-05
5.67139e-06
-1.99418e-06
-5.73511e-06
-9.89951e-06
-1.47305e-05
-1.96011e-05
-2.31181e-05
-2.42052e-05
-2.24221e-05
-1.80616e-05
-1.22838e-05
-5.59951e-06
1.7476e-06
8.80917e-06
1.45339e-05
1.84968e-05
2.06704e-05
2.06926e-05
1.81645e-05
1.32897e-05
6.01849e-06
-2.57816e-06
-7.21782e-06
-1.17826e-05
-1.64873e-05
-2.08674e-05
-2.3769e-05
-2.44341e-05
-2.25564e-05
-1.82542e-05
-1.24669e-05
-5.67468e-06
1.83538e-06
9.14765e-06
1.51928e-05
1.94441e-05
2.17846e-05
2.17959e-05
1.90549e-05
1.38603e-05
6.25886e-06
-2.83528e-06
-7.95489e-06
-1.28731e-05
-1.77919e-05
-2.22327e-05
-2.49636e-05
-2.53219e-05
-2.31935e-05
-1.87148e-05
-1.27163e-05
-5.66845e-06
2.07689e-06
9.6135e-06
1.58644e-05
2.02475e-05
2.26171e-05
2.25755e-05
1.96924e-05
1.42866e-05
6.44622e-06
-2.83616e-06
-7.97569e-06
-1.29803e-05
-1.81215e-05
-2.29306e-05
-2.59723e-05
-2.64629e-05
-2.43554e-05
-1.98073e-05
-1.35921e-05
-6.23153e-06
1.83254e-06
9.66964e-06
1.61379e-05
2.06165e-05
2.30246e-05
2.30616e-05
2.02318e-05
1.47548e-05
6.74172e-06
-2.69751e-06
-7.55924e-06
-1.2467e-05
-1.78085e-05
-2.31554e-05
-2.67937e-05
-2.76535e-05
-2.5676e-05
-2.10802e-05
-1.46286e-05
-6.94555e-06
1.4531e-06
9.6075e-06
1.62457e-05
2.0728e-05
2.31077e-05
2.31762e-05
2.03996e-05
1.5032e-05
7.06079e-06
-2.43542e-06
-6.82778e-06
-1.1477e-05
-1.69041e-05
-2.28007e-05
-2.71294e-05
-2.83718e-05
-2.64273e-05
-2.18154e-05
-1.536e-05
-7.68759e-06
7.48305e-07
9.02922e-06
1.5787e-05
2.03461e-05
2.2692e-05
2.26193e-05
1.99597e-05
1.49011e-05
7.14881e-06
-2.00508e-06
-5.6737e-06
-9.8092e-06
-1.48334e-05
-2.05842e-05
-2.50071e-05
-2.64897e-05
-2.49253e-05
-2.10343e-05
-1.54227e-05
-8.51992e-06
-7.64669e-07
6.99106e-06
1.34864e-05
1.80016e-05
2.04238e-05
2.06035e-05
1.81655e-05
1.35687e-05
6.81734e-06
-1.55448e-06
-4.54091e-06
-7.40949e-06
-1.034e-05
-1.41112e-05
-1.74669e-05
-1.9016e-05
-1.85429e-05
-1.65408e-05
-1.29799e-05
-7.93523e-06
-1.87671e-06
4.35897e-06
9.37553e-06
1.29067e-05
1.45307e-05
1.42971e-05
1.2177e-05
8.11381e-06
4.16184e-06
-2.41542e-06
-6.38299e-06
-8.80677e-06
-1.12275e-05
-1.26422e-05
-1.46648e-05
-1.91449e-05
-1.70864e-05
-8.55332e-06
-2.05486e-06
-3.64361e-06
-2.33469e-06
8.83597e-06
1.84061e-05
1.71791e-05
1.19866e-05
8.71011e-06
1.01602e-05
9.55596e-06
4.12236e-06
-2.34148e-06
-5.62262e-06
-7.90098e-06
-1.11523e-05
-1.38007e-05
-1.09649e-05
-2.48585e-06
6.73158e-06
7.66134e-06
-2.63497e-06
-1.46952e-05
-1.50642e-05
-3.44867e-06
8.16878e-06
1.05882e-05
7.60021e-06
7.10535e-06
9.16226e-06
8.41197e-06
3.58096e-06
-2.43924e-06
-5.29526e-06
-6.75505e-06
-9.66944e-06
-1.68754e-05
-2.5066e-05
-2.64649e-05
-1.61666e-05
5.93333e-07
1.11803e-05
1.06454e-05
5.59941e-06
4.20928e-06
7.99622e-06
1.14032e-05
9.69733e-06
7.28635e-06
7.07561e-06
6.15426e-06
2.79651e-06
-3.03523e-06
-6.61818e-06
-7.75551e-06
-7.04473e-06
-7.5202e-06
-1.35254e-05
-2.13306e-05
-2.19216e-05
-1.27979e-05
-4.7736e-06
-3.25585e-06
-4.43351e-07
9.16312e-06
1.86863e-05
2.10914e-05
1.56376e-05
9.62814e-06
7.01593e-06
5.20125e-06
2.30816e-06
-3.13053e-06
-7.19584e-06
-1.04118e-05
-1.18128e-05
-9.269e-06
-7.66609e-06
-9.79226e-06
-1.22142e-05
-1.126e-05
-1.12673e-05
-1.25436e-05
-6.39056e-06
9.3484e-06
2.15556e-05
2.29463e-05
1.66938e-05
1.02887e-05
6.93223e-06
4.54777e-06
1.85088e-06
-2.77963e-06
-5.5247e-06
-8.66746e-06
-1.50127e-05
-2.13584e-05
-2.56591e-05
-2.48746e-05
-1.62838e-05
-2.66947e-06
6.4565e-06
6.79597e-06
6.08465e-06
1.17226e-05
1.76652e-05
1.83868e-05
1.44634e-05
9.71464e-06
6.38078e-06
3.68933e-06
1.3063e-06
-2.87023e-06
-4.25755e-06
-2.8725e-06
-4.12307e-06
-9.65395e-06
-1.91391e-05
-2.7405e-05
-2.59215e-05
-1.31713e-05
1.55944e-06
8.43003e-06
8.63187e-06
9.82511e-06
1.26498e-05
1.41967e-05
1.26094e-05
9.04775e-06
5.55463e-06
2.60316e-06
6.76396e-07
-3.37443e-06
-6.26261e-06
-4.41558e-06
-1.61818e-06
-9.91905e-07
-5.75255e-06
-1.54347e-05
-2.20766e-05
-1.89095e-05
-8.56137e-06
5.23681e-07
4.74957e-06
7.47872e-06
1.06058e-05
1.27974e-05
1.18932e-05
8.42653e-06
4.54773e-06
1.44271e-06
5.15377e-08
-2.65889e-06
-6.55128e-06
-7.46052e-06
-6.66916e-06
-4.92711e-06
-4.55617e-06
-8.34758e-06
-1.35854e-05
-1.4586e-05
-9.61772e-06
-2.3269e-06
3.49134e-06
7.67656e-06
1.095e-05
1.26288e-05
1.12431e-05
7.53064e-06
3.48704e-06
4.38427e-07
-4.56984e-07
-1.06444e-06
-3.63932e-06
-5.95674e-06
-8.49625e-06
-9.97763e-06
-9.71112e-06
-9.60418e-06
-1.02841e-05
-9.85887e-06
-6.69533e-06
-1.30744e-06
4.22545e-06
8.43914e-06
1.10957e-05
1.1918e-05
1.01067e-05
6.48802e-06
2.64409e-06
-2.30032e-07
-8.0311e-07
-2.81816e-09
-6.4098e-07
-2.15511e-06
-5.58682e-06
-9.63248e-06
-1.18764e-05
-1.20364e-05
-1.08774e-05
-8.72848e-06
-5.51125e-06
-9.50008e-07
4.12552e-06
8.04444e-06
1.01888e-05
1.0618e-05
8.91517e-06
5.7331e-06
2.21683e-06
-5.57413e-07
-1.02799e-06
-1.90554e-08
8.83528e-08
-1.47378e-07
-2.48206e-06
-6.65138e-06
-1.0274e-05
-1.1908e-05
-1.13328e-05
-9.12147e-06
-6.00756e-06
-1.80483e-06
3.09866e-06
6.99343e-06
9.07073e-06
9.57102e-06
8.23108e-06
5.45832e-06
2.1229e-06
-6.99075e-07
-1.19477e-06
-6.83711e-07
-1.11055e-06
-7.93672e-07
-1.81249e-06
-4.84978e-06
-8.19288e-06
-1.03755e-05
-1.06028e-05
-9.03105e-06
-6.36886e-06
-2.46328e-06
2.38311e-06
6.39128e-06
8.58174e-06
9.23129e-06
8.12409e-06
5.496e-06
2.13082e-06
-8.25949e-07
-1.36854e-06
-1.36415e-06
-2.71398e-06
-2.48911e-06
-2.79736e-06
-4.82371e-06
-7.31759e-06
-9.15355e-06
-9.52037e-06
-8.31657e-06
-5.98022e-06
-2.25929e-06
2.53983e-06
6.58737e-06
8.7906e-06
9.42446e-06
8.30744e-06
5.58915e-06
2.05653e-06
-1.0789e-06
-1.65069e-06
-1.72346e-06
-3.67542e-06
-3.64562e-06
-3.69447e-06
-5.25031e-06
-7.19769e-06
-8.61875e-06
-8.85299e-06
-7.75315e-06
-5.54472e-06
-1.89527e-06
2.84742e-06
6.84958e-06
8.97106e-06
9.48725e-06
8.26409e-06
5.41455e-06
1.74139e-06
-1.50049e-06
-1.97949e-06
-1.76858e-06
-3.80922e-06
-3.71852e-06
-3.5893e-06
-5.0747e-06
-7.00899e-06
-8.42754e-06
-8.72371e-06
-7.76274e-06
-5.6416e-06
-2.02767e-06
2.67649e-06
6.66704e-06
8.73235e-06
9.10239e-06
7.72982e-06
4.7823e-06
1.1055e-06
-2.01753e-06
-2.20938e-06
-1.61758e-06
-3.30775e-06
-2.86067e-06
-2.49315e-06
-4.12952e-06
-6.4671e-06
-8.25351e-06
-8.79693e-06
-8.03249e-06
-6.01846e-06
-2.46841e-06
2.21356e-06
6.28985e-06
8.38866e-06
8.59934e-06
6.94832e-06
3.70562e-06
-8.69477e-08
-2.912e-06
-2.59223e-06
-1.30599e-06
-2.28701e-06
-1.08233e-06
-9.47921e-08
-1.69689e-06
-4.49943e-06
-6.80897e-06
-7.73906e-06
-7.43851e-06
-6.00121e-06
-3.09205e-06
1.03696e-06
4.8244e-06
6.78694e-06
6.81475e-06
4.84415e-06
1.29024e-06
-2.35186e-06
-4.66686e-06
-3.36534e-06
-7.66906e-07
-4.5113e-07
2.41157e-06
5.44581e-06
5.54768e-06
3.62618e-06
1.42063e-06
-1.62777e-07
-1.49583e-06
-2.34071e-06
-1.77491e-06
3.20634e-07
2.4762e-06
2.89482e-06
1.20768e-06
-2.08325e-06
-6.14403e-06
-9.76211e-06
-1.13101e-05
-6.59179e-06
-7.76141e-08
1.67388e-06
6.75755e-06
1.37736e-05
1.87525e-05
2.06851e-05
2.0111e-05
1.78484e-05
1.40636e-05
9.91123e-06
6.98883e-06
5.40743e-06
3.08533e-06
-2.13862e-06
-8.76445e-06
-1.56073e-05
-2.27524e-05
-2.7853e-05
-2.78185e-05
-1.69057e-05
-1.19763e-06
-3.40134e-06
-2.28641e-06
-1.15893e-06
1.20834e-06
-2.57056e-06
-3.06599e-05
-5.6909e-05
-3.92398e-05
8.93246e-06
2.87874e-05
1.72068e-05
1.66688e-05
2.93701e-05
2.68e-05
1.10422e-05
-2.91293e-06
-5.43853e-06
-3.16718e-06
-2.5876e-06
-8.10337e-08
-7.54235e-08
2.7334e-06
2.67081e-06
8.31784e-06
2.29585e-05
1.49957e-05
-1.29443e-05
-2.20371e-05
-7.09513e-06
-7.86402e-06
-2.11619e-05
-1.04625e-05
1.67251e-05
2.12039e-05
6.59037e-06
-6.79911e-06
-9.25617e-06
-5.69599e-06
-4.16622e-06
1.77734e-06
4.96691e-06
9.43175e-06
7.28023e-06
1.4012e-08
5.63486e-06
1.46488e-05
9.53253e-06
2.6585e-06
9.98654e-06
1.1186e-05
-8.01293e-06
-2.3617e-05
-1.49782e-05
-1.63125e-06
-2.51649e-06
-1.13416e-05
-1.41076e-05
-9.02872e-06
-4.98249e-06
1.20493e-06
4.24691e-06
1.06733e-05
1.46716e-05
4.24629e-06
-6.68931e-06
-3.35502e-06
6.38074e-06
9.87546e-06
8.61987e-06
5.82071e-06
-1.65603e-06
-9.84074e-06
-7.11086e-06
-1.61265e-07
-2.20567e-06
-1.08904e-05
-1.5085e-05
-1.07274e-05
-5.62814e-06
9.36226e-07
2.93608e-06
7.64333e-06
1.63431e-05
1.5802e-05
6.16834e-06
1.27233e-06
3.96228e-06
2.52641e-06
-7.09962e-06
-1.13402e-05
-4.74786e-06
1.98244e-06
4.37091e-06
3.24893e-06
-2.35808e-06
-1.06906e-05
-1.52983e-05
-1.18909e-05
-6.27994e-06
1.27127e-06
4.30103e-06
6.39127e-06
8.5219e-06
4.52887e-06
-4.00645e-06
-4.41223e-06
6.66514e-06
1.50609e-05
8.29859e-06
-1.83559e-06
-1.49905e-06
3.42971e-06
4.15961e-06
7.66177e-07
-4.75976e-06
-1.15604e-05
-1.5857e-05
-1.30517e-05
-6.98458e-06
1.09678e-06
6.63659e-06
1.32773e-05
1.68146e-05
1.12093e-05
-1.60824e-06
-8.9259e-06
-2.03273e-06
1.05352e-05
1.21249e-05
4.15757e-06
-7.87868e-07
-6.95579e-07
-8.94426e-07
-3.23342e-06
-7.2923e-06
-1.28458e-05
-1.68613e-05
-1.43647e-05
-7.72609e-06
1.63946e-08
4.5225e-06
1.37642e-05
2.17672e-05
2.12708e-05
1.13281e-05
-6.2046e-07
-4.11938e-06
1.68946e-06
5.60904e-06
2.61697e-06
-1.64465e-06
-3.1322e-06
-3.62024e-06
-5.36157e-06
-9.015e-06
-1.42692e-05
-1.8171e-05
-1.57172e-05
-8.41464e-06
8.09209e-08
2.74252e-06
1.0179e-05
1.79456e-05
2.06035e-05
1.6877e-05
8.63744e-06
1.89894e-06
1.00298e-06
2.40462e-06
1.64966e-06
-7.61936e-07
-2.43757e-06
-3.65862e-06
-6.16824e-06
-1.04875e-05
-1.58534e-05
-1.95277e-05
-1.6885e-05
-8.96479e-06
1.46149e-06
4.54116e-06
1.00016e-05
1.47753e-05
1.60219e-05
1.47011e-05
1.12375e-05
7.01008e-06
4.32375e-06
3.31426e-06
2.5128e-06
7.9952e-07
-1.22063e-06
-3.47043e-06
-7.07651e-06
-1.20899e-05
-1.7395e-05
-2.06459e-05
-1.77434e-05
-9.38499e-06
2.71521e-06
7.55689e-06
1.3051e-05
1.62194e-05
1.52339e-05
1.27971e-05
1.05503e-05
8.46208e-06
6.25145e-06
4.25829e-06
2.90845e-06
1.16406e-06
-1.26494e-06
-4.21808e-06
-8.39531e-06
-1.35881e-05
-1.85884e-05
-2.14019e-05
-1.83257e-05
-9.70377e-06
2.96169e-06
8.84514e-06
1.53054e-05
1.89668e-05
1.75967e-05
1.39665e-05
1.07812e-05
8.6773e-06
6.55093e-06
4.14208e-06
2.39544e-06
5.18985e-07
-2.12596e-06
-5.33684e-06
-9.57895e-06
-1.46172e-05
-1.9308e-05
-2.18309e-05
-1.86792e-05
-9.8988e-06
2.41841e-06
8.03184e-06
1.50191e-05
1.98604e-05
1.96114e-05
1.62314e-05
1.24097e-05
9.54578e-06
6.91145e-06
4.13769e-06
2.16369e-06
2.0181e-07
-2.56351e-06
-5.89431e-06
-1.01116e-05
-1.50277e-05
-1.95866e-05
-2.20138e-05
-1.89159e-05
-1.01087e-05
1.7102e-06
6.44544e-06
1.33283e-05
1.89848e-05
2.00266e-05
1.76868e-05
1.41018e-05
1.08485e-05
7.7399e-06
4.70903e-06
2.6381e-06
5.93019e-07
-2.33586e-06
-5.83962e-06
-1.01226e-05
-1.50405e-05
-1.96331e-05
-2.2158e-05
-1.92768e-05
-1.04603e-05
1.25647e-06
5.29611e-06
1.18832e-05
1.78623e-05
1.96692e-05
1.81957e-05
1.51027e-05
1.18087e-05
8.45368e-06
5.32224e-06
3.22248e-06
1.05311e-06
-2.07018e-06
-5.7493e-06
-1.01499e-05
-1.51722e-05
-1.99159e-05
-2.25873e-05
-1.97814e-05
-1.06805e-05
1.11721e-06
4.92521e-06
1.14203e-05
1.75667e-05
1.96639e-05
1.85438e-05
1.56966e-05
1.2377e-05
8.8839e-06
5.74637e-06
3.65152e-06
1.39124e-06
-1.82243e-06
-5.64948e-06
-1.03664e-05
-1.58015e-05
-2.08611e-05
-2.35186e-05
-2.04103e-05
-1.0922e-05
1.19164e-06
5.24758e-06
1.2029e-05
1.84278e-05
2.05613e-05
1.9334e-05
1.6381e-05
1.291e-05
9.21406e-06
5.89231e-06
3.51827e-06
9.55273e-07
-2.39569e-06
-6.35341e-06
-1.13246e-05
-1.70054e-05
-2.21806e-05
-2.47506e-05
-2.14156e-05
-1.14778e-05
1.48154e-06
6.34323e-06
1.41985e-05
2.17622e-05
2.46895e-05
2.37293e-05
2.0658e-05
1.66245e-05
1.18237e-05
7.1139e-06
3.37844e-06
-2.66196e-07
-4.37776e-06
-8.97019e-06
-1.44626e-05
-2.05869e-05
-2.61339e-05
-2.86523e-05
-2.47238e-05
-1.28604e-05
2.07751e-06
8.65966e-06
1.93266e-05
3.09909e-05
3.82376e-05
4.02414e-05
3.80425e-05
3.29594e-05
2.5798e-05
1.8124e-05
1.10055e-05
3.32432e-06
-5.37495e-06
-1.46212e-05
-2.43938e-05
-3.3936e-05
-4.17705e-05
-4.50817e-05
-3.98541e-05
-2.20455e-05
2.80629e-06
1.04235e-05
2.00128e-05
2.94643e-05
3.54867e-05
3.72984e-05
3.53007e-05
3.04975e-05
2.40769e-05
1.76598e-05
1.11473e-05
2.71347e-06
-6.75176e-06
-1.57902e-05
-2.49713e-05
-3.35963e-05
-4.04694e-05
-4.24609e-05
-3.52752e-05
-1.75892e-05
-1.41812e-07
-7.97977e-07
6.67707e-07
2.4226e-06
5.04619e-06
2.35249e-06
-2.20982e-05
-4.96061e-05
-3.85695e-05
5.7924e-06
3.07432e-05
2.32174e-05
1.65901e-05
2.0899e-05
1.73534e-05
5.13484e-06
-4.84189e-06
-7.11814e-06
-5.47327e-06
-3.67682e-06
6.18528e-07
1.17209e-06
3.76622e-06
4.78928e-06
1.1292e-05
2.26692e-05
7.71131e-06
-2.79867e-05
-3.73323e-05
-1.07594e-05
4.82729e-06
-1.44264e-06
2.57697e-06
1.88967e-05
1.86903e-05
5.08517e-06
-6.46267e-06
-9.25928e-06
-6.46742e-06
-4.46233e-06
2.33304e-06
5.23506e-06
8.65541e-06
7.51305e-06
4.88867e-06
1.5508e-05
2.43625e-05
9.91747e-06
-9.7562e-06
-7.094e-06
1.45303e-06
-6.14864e-06
-1.57274e-05
-9.1217e-06
-1.48143e-07
-1.96828e-06
-9.27072e-06
-1.17724e-05
-7.64881e-06
-4.40836e-06
2.08807e-06
5.13626e-06
1.00807e-05
1.21977e-05
2.16465e-06
-2.77067e-06
8.48057e-06
1.81141e-05
1.14241e-05
1.71375e-06
-3.92224e-08
-2.98669e-06
-1.08692e-05
-1.06639e-05
-4.88317e-06
-4.49781e-06
-9.5673e-06
-1.22578e-05
-8.2931e-06
-4.46795e-06
1.8677e-06
4.2469e-06
8.77039e-06
1.59382e-05
1.14295e-05
1.19567e-06
1.87448e-06
1.01934e-05
8.42186e-06
-2.90452e-06
-6.09628e-06
-7.70514e-07
-1.00506e-06
-3.89893e-06
-4.72164e-06
-6.07442e-06
-9.87785e-06
-1.23414e-05
-8.79379e-06
-4.65084e-06
1.97926e-06
4.66302e-06
7.05765e-06
1.15214e-05
8.67056e-06
6.40052e-07
6.08732e-07
9.61435e-06
1.27745e-05
3.09272e-06
-4.17851e-06
-9.85481e-07
9.50185e-07
-1.95394e-06
-5.39057e-06
-7.66733e-06
-1.05553e-05
-1.25638e-05
-9.30925e-06
-4.90314e-06
1.85592e-06
6.03455e-06
1.01578e-05
1.38648e-05
1.08542e-05
2.7166e-06
-3.48207e-07
5.5631e-06
1.12202e-05
6.34978e-06
-1.49355e-06
-2.57023e-06
-1.72059e-06
-3.54826e-06
-6.65082e-06
-8.91409e-06
-1.13388e-05
-1.30062e-05
-9.87857e-06
-5.1708e-06
1.17943e-06
5.11127e-06
1.08675e-05
1.60213e-05
1.51541e-05
8.7832e-06
3.16875e-06
3.24683e-06
6.40639e-06
4.74506e-06
-5.76592e-07
-3.19815e-06
-3.57837e-06
-4.83004e-06
-7.37682e-06
-9.71899e-06
-1.21295e-05
-1.35934e-05
-1.04355e-05
-5.39049e-06
1.01081e-06
3.94586e-06
9.1758e-06
1.42851e-05
1.51665e-05
1.20902e-05
7.69395e-06
4.96858e-06
4.61561e-06
3.27985e-06
1.33759e-07
-2.38546e-06
-3.56757e-06
-5.00264e-06
-7.64302e-06
-1.03627e-05
-1.29079e-05
-1.41714e-05
-1.08751e-05
-5.52803e-06
1.57379e-06
4.4946e-06
8.73309e-06
1.24301e-05
1.30363e-05
1.16539e-05
9.50674e-06
7.23483e-06
5.3402e-06
3.32601e-06
9.93543e-07
-1.33196e-06
-3.10071e-06
-4.98472e-06
-7.93988e-06
-1.09917e-05
-1.35713e-05
-1.46028e-05
-1.11643e-05
-5.61026e-06
2.18759e-06
5.87856e-06
9.94698e-06
1.2687e-05
1.23724e-05
1.07896e-05
9.3938e-06
8.013e-06
6.02752e-06
3.60355e-06
1.36507e-06
-1.00012e-06
-3.18831e-06
-5.36776e-06
-8.42992e-06
-1.15485e-05
-1.40269e-05
-1.48524e-05
-1.13257e-05
-5.63511e-06
2.35083e-06
6.58408e-06
1.09816e-05
1.37535e-05
1.32342e-05
1.11358e-05
9.31062e-06
7.95519e-06
6.03689e-06
3.52296e-06
1.26183e-06
-1.1937e-06
-3.63271e-06
-5.91291e-06
-8.88023e-06
-1.18856e-05
-1.4217e-05
-1.48942e-05
-1.13175e-05
-5.54744e-06
2.10885e-06
6.25606e-06
1.08244e-05
1.40432e-05
1.40584e-05
1.20762e-05
9.85998e-06
8.09585e-06
6.0224e-06
3.51517e-06
1.30261e-06
-1.1897e-06
-3.79007e-06
-6.13306e-06
-9.00271e-06
-1.18927e-05
-1.41153e-05
-1.47265e-05
-1.11973e-05
-5.4695e-06
1.75311e-06
5.47688e-06
9.92494e-06
1.34685e-05
1.41336e-05
1.26786e-05
1.04975e-05
8.43561e-06
6.15196e-06
3.67589e-06
1.56753e-06
-9.28336e-07
-3.65822e-06
-6.07246e-06
-8.88561e-06
-1.16942e-05
-1.38617e-05
-1.45195e-05
-1.11653e-05
-5.48187e-06
1.50416e-06
4.86857e-06
9.09375e-06
1.27075e-05
1.37447e-05
1.27527e-05
1.07938e-05
8.63212e-06
6.22252e-06
3.81511e-06
1.81949e-06
-6.84569e-07
-3.50241e-06
-5.95058e-06
-8.74041e-06
-1.15519e-05
-1.37608e-05
-1.44987e-05
-1.11956e-05
-5.3473e-06
1.40757e-06
4.62785e-06
8.71985e-06
1.23056e-05
1.34449e-05
1.26502e-05
1.08309e-05
8.6302e-06
6.17194e-06
3.87253e-06
1.99746e-06
-4.70183e-07
-3.26524e-06
-5.72364e-06
-8.65939e-06
-1.17167e-05
-1.40778e-05
-1.4749e-05
-1.12464e-05
-5.26713e-06
1.41375e-06
4.72102e-06
8.87535e-06
1.2458e-05
1.35378e-05
1.26925e-05
1.08705e-05
8.63028e-06
6.11837e-06
3.79342e-06
1.80835e-06
-8.08983e-07
-3.66514e-06
-6.17407e-06
-9.1934e-06
-1.22454e-05
-1.44396e-05
-1.49247e-05
-1.14212e-05
-5.37635e-06
1.53057e-06
5.23824e-06
9.95664e-06
1.41747e-05
1.58006e-05
1.52775e-05
1.35063e-05
1.0922e-05
7.67739e-06
4.47887e-06
1.71457e-06
-1.45058e-06
-4.70292e-06
-7.60754e-06
-1.09268e-05
-1.41789e-05
-1.65822e-05
-1.71609e-05
-1.33835e-05
-6.08649e-06
1.81537e-06
6.4615e-06
1.28531e-05
1.96073e-05
2.40866e-05
2.56658e-05
2.45675e-05
2.13714e-05
1.69211e-05
1.24036e-05
7.95512e-06
2.20738e-06
-4.46831e-06
-1.08788e-05
-1.71427e-05
-2.26947e-05
-2.6765e-05
-2.79028e-05
-2.31638e-05
-1.23938e-05
2.15344e-06
6.99995e-06
1.10568e-05
1.32099e-05
1.32613e-05
1.18985e-05
9.67402e-06
6.88785e-06
4.29099e-06
2.70654e-06
9.50231e-07
-2.94135e-06
-6.97987e-06
-9.08789e-06
-1.1412e-05
-1.38226e-05
-1.45876e-05
-1.2976e-05
-7.41835e-06
-4.31806e-07
)
;

boundaryField
{
    movingWall
    {
        type            wall;
        value           nonuniform List<scalar> 
400
(
-2.31707e-06
-1.08059e-05
-7.31169e-06
1.82762e-06
4.48623e-07
-1.0259e-06
-1.55448e-06
-7.76141e-08
2.80629e-06
2.15344e-06
-3.62105e-06
-2.02583e-05
-1.45345e-05
3.21134e-06
-3.48765e-07
-4.24866e-06
-4.54091e-06
1.67388e-06
1.04235e-05
6.99995e-06
-1.16034e-07
-1.82737e-05
-1.62337e-05
3.13625e-06
-1.92456e-06
-8.34778e-06
-7.40949e-06
6.75755e-06
2.00128e-05
1.10568e-05
4.54569e-06
-1.14266e-05
-1.57114e-05
5.06618e-07
-4.80038e-06
-1.29053e-05
-1.034e-05
1.37736e-05
2.94643e-05
1.32099e-05
6.9349e-06
-4.15367e-06
-1.22538e-05
-2.72977e-06
-8.7627e-06
-1.78364e-05
-1.41112e-05
1.87525e-05
3.54867e-05
1.32613e-05
5.75997e-06
-1.10742e-07
-7.62676e-06
-5.14334e-06
-1.24329e-05
-2.17977e-05
-1.74669e-05
2.06851e-05
3.72984e-05
1.18985e-05
3.03537e-06
1.09354e-06
-4.07065e-06
-6.83762e-06
-1.49141e-05
-2.37057e-05
-1.9016e-05
2.0111e-05
3.53007e-05
9.67402e-06
9.81458e-07
1.44346e-06
-2.49163e-06
-8.14251e-06
-1.56431e-05
-2.32359e-05
-1.85429e-05
1.78484e-05
3.04975e-05
6.88785e-06
4.30571e-07
2.77142e-06
-2.32854e-06
-9.65363e-06
-1.46102e-05
-2.04445e-05
-1.65408e-05
1.40636e-05
2.40769e-05
4.29099e-06
4.39643e-07
5.80116e-06
-1.36828e-06
-1.11506e-05
-1.22281e-05
-1.57452e-05
-1.29799e-05
9.91123e-06
1.76598e-05
2.70654e-06
-5.31577e-07
9.47294e-06
1.82391e-06
-1.18583e-05
-9.06892e-06
-1.01183e-05
-7.93523e-06
6.98883e-06
1.11473e-05
9.50231e-07
-3.10254e-06
1.20329e-05
6.48371e-06
-1.15839e-05
-5.73411e-06
-4.43126e-06
-1.87671e-06
5.40743e-06
2.71347e-06
-2.94135e-06
-6.75413e-06
1.24945e-05
1.11673e-05
-1.0061e-05
-1.82731e-06
1.65414e-06
4.35897e-06
3.08533e-06
-6.75176e-06
-6.97987e-06
-1.02174e-05
1.12762e-05
1.48423e-05
-7.65256e-06
2.41247e-06
8.22558e-06
9.37553e-06
-2.13862e-06
-1.57902e-05
-9.08789e-06
-1.264e-05
8.92033e-06
1.73775e-05
-4.66605e-06
5.43854e-06
1.40337e-05
1.29067e-05
-8.76445e-06
-2.49713e-05
-1.1412e-05
-1.44079e-05
3.89017e-06
1.78367e-05
-3.7343e-08
7.27893e-06
1.72191e-05
1.45307e-05
-1.56073e-05
-3.35963e-05
-1.38226e-05
-1.47244e-05
-3.97254e-06
1.3217e-05
4.67086e-06
9.11921e-06
1.80811e-05
1.42971e-05
-2.27524e-05
-4.04694e-05
-1.45876e-05
-1.12521e-05
-9.8027e-06
3.24104e-06
4.83102e-06
9.55865e-06
1.70643e-05
1.2177e-05
-2.7853e-05
-4.24609e-05
-1.2976e-05
-4.20175e-06
-6.72079e-06
-2.50451e-06
2.37796e-06
7.48631e-06
1.31984e-05
8.11381e-06
-2.78185e-05
-3.52752e-05
-7.41835e-06
-1.22833e-06
-2.23044e-06
-1.02676e-06
9.93169e-07
3.1388e-06
6.0311e-06
4.16184e-06
-1.69057e-05
-1.75892e-05
-4.31806e-07
-4.2587e-06
-9.01375e-06
-5.41336e-07
5.86184e-06
2.25317e-06
2.95688e-07
-1.66895e-06
-2.41542e-06
-1.19763e-06
-1.41812e-07
-1.1405e-05
-1.97902e-05
3.08095e-06
1.51601e-05
4.64924e-06
-5.62549e-07
-5.29748e-06
-6.38299e-06
-3.40134e-06
-7.97977e-07
-1.52266e-05
-2.31145e-05
9.21665e-06
2.17262e-05
4.46785e-06
-3.32211e-06
-9.02102e-06
-8.80677e-06
-2.28641e-06
6.67707e-07
-1.15833e-05
-2.06939e-05
1.09536e-05
2.50402e-05
2.85099e-06
-6.91219e-06
-1.24332e-05
-1.12275e-05
-1.15893e-06
2.4226e-06
-8.07352e-06
-1.58104e-05
1.35461e-05
2.66254e-05
1.44666e-06
-1.00128e-05
-1.49215e-05
-1.26422e-05
1.20834e-06
5.04619e-06
-1.13337e-05
-1.39186e-05
1.89145e-05
2.78678e-05
2.01751e-06
-1.16374e-05
-1.70282e-05
-1.46648e-05
-2.57056e-06
2.35249e-06
-1.21602e-05
-1.23621e-05
1.7807e-05
2.50105e-05
3.71101e-06
-1.12835e-05
-1.85762e-05
-1.91449e-05
-3.06599e-05
-2.20982e-05
-4.6596e-06
-2.04452e-06
1.08849e-05
1.32895e-05
3.58961e-06
-9.00622e-06
-1.73596e-05
-1.70864e-05
-5.6909e-05
-4.96061e-05
-5.8397e-06
7.16709e-06
7.8724e-06
-4.54219e-06
4.80734e-07
-6.52901e-06
-1.43006e-05
-8.55332e-06
-3.92398e-05
-3.85695e-05
-1.34325e-05
1.24488e-05
1.11597e-05
-1.80874e-05
-3.48495e-06
-5.26398e-06
-1.03398e-05
-2.05486e-06
8.93246e-06
5.7924e-06
-8.28172e-06
1.6015e-05
6.86198e-06
-2.18699e-05
-4.9067e-06
-3.82963e-06
-5.04594e-06
-3.64361e-06
2.87874e-05
3.07432e-05
1.46275e-05
1.77416e-05
-1.48434e-05
-2.19139e-05
-4.03796e-06
-3.47331e-07
3.41022e-06
-2.33469e-06
1.72068e-05
2.32174e-05
2.67016e-05
1.13e-05
-3.30762e-05
-2.18159e-05
-3.36334e-06
3.96219e-06
1.19416e-05
8.83597e-06
1.66688e-05
1.65901e-05
1.59363e-05
1.78544e-06
-2.99538e-05
-2.11425e-05
-3.89818e-06
7.17967e-06
1.56733e-05
1.84061e-05
2.93701e-05
2.0899e-05
5.21498e-06
2.70078e-06
-1.6726e-05
-2.09939e-05
-5.18713e-06
8.89182e-06
1.50295e-05
1.71791e-05
2.68e-05
1.73534e-05
1.14731e-05
1.60844e-05
-9.05497e-06
-2.08861e-05
-5.69959e-06
9.90743e-06
1.44663e-05
1.19866e-05
1.10422e-05
5.13484e-06
1.53496e-05
1.91297e-05
-8.41531e-06
-1.82293e-05
-4.54374e-06
1.03952e-05
1.56862e-05
8.71011e-06
-2.91293e-06
-4.84189e-06
1.06526e-05
1.06812e-05
-8.82098e-06
-1.26535e-05
-2.53291e-06
9.03584e-06
1.62454e-05
1.01602e-05
-5.43853e-06
-7.11814e-06
5.51893e-06
3.09313e-06
-7.34488e-06
-6.44088e-06
-5.58646e-07
5.78087e-06
1.20676e-05
9.55596e-06
-3.16718e-06
-5.47327e-06
2.30168e-06
4.04717e-07
-3.43561e-06
-1.62984e-06
3.90551e-07
1.96531e-06
4.5167e-06
4.12236e-06
-2.5876e-06
-3.67682e-06
)
;
    }
    in
    {
        type            cyclic;
    }
    out
    {
        type            cyclic;
    }
    front
    {
        type            cyclic;
    }
    back
    {
        type            cyclic;
    }
}


// ************************************************************************* //
