/*--------------------------------*- C++ -*----------------------------------*\
  =========                 |
  \\      /  F ield         | OpenFOAM: The Open Source CFD Toolbox
   \\    /   O peration     | Website:  https://openfoam.org
    \\  /    A nd           | Version:  7
     \\/     M anipulation  |
\*---------------------------------------------------------------------------*/
FoamFile
{
    version     2.0;
    format      ascii;
    class       volScalarField;
    location    "0";
    object      T;
}
// * * * * * * * * * * * * * * * * * * * * * * * * * * * * * * * * * * * * * //

dimensions      [0 -1 0 1 0 0 0];

internalField   nonuniform List<scalar> 
4000
(
0.0245922
0.0737469
0.122804
0.171658
0.220104
0.267622
0.31511
0.364585
0.41697
0.471968
0.528031
0.58303
0.635415
0.684889
0.732378
0.779895
0.828342
0.877196
0.926253
0.975408
0.0246049
0.0737895
0.122894
0.171844
0.22054
0.268904
0.317542
0.367547
0.419432
0.472932
0.527067
0.580567
0.632453
0.682457
0.731095
0.779459
0.828155
0.877106
0.92621
0.975395
0.024631
0.0738756
0.123067
0.17217
0.221165
0.27012
0.319423
0.369654
0.421094
0.473563
0.526436
0.578905
0.630346
0.680576
0.729879
0.778834
0.827829
0.876933
0.926124
0.975369
0.024668
0.0739949
0.123297
0.172568
0.221834
0.271189
0.320866
0.371158
0.422231
0.473985
0.526014
0.577769
0.628841
0.679133
0.72881
0.778166
0.827431
0.876703
0.926005
0.975332
0.0247118
0.0741335
0.123554
0.172985
0.222468
0.272088
0.321965
0.372238
0.423019
0.474273
0.525727
0.576981
0.627761
0.678034
0.727911
0.777531
0.827014
0.876446
0.925866
0.975288
0.0247582
0.0742783
0.123813
0.173383
0.223032
0.27282
0.322797
0.373017
0.423571
0.474472
0.525527
0.576427
0.626982
0.677202
0.727179
0.776967
0.826616
0.876187
0.925721
0.975242
0.0248039
0.0744184
0.124056
0.173741
0.223511
0.273404
0.323423
0.373582
0.423964
0.474613
0.525386
0.576035
0.626417
0.676576
0.726596
0.776488
0.826258
0.875944
0.925581
0.975196
0.024846
0.0745462
0.124273
0.174049
0.223904
0.273859
0.323892
0.373993
0.424246
0.474714
0.525286
0.575753
0.626007
0.676108
0.72614
0.776095
0.825951
0.875727
0.925454
0.975154
0.0248831
0.0746575
0.124458
0.174303
0.224218
0.274209
0.324239
0.374292
0.42445
0.474786
0.525213
0.575549
0.625708
0.67576
0.72579
0.775781
0.825696
0.875542
0.925342
0.975117
0.0249143
0.0747503
0.124609
0.174508
0.224463
0.274473
0.324495
0.374509
0.424598
0.474839
0.52516
0.575401
0.62549
0.675504
0.725526
0.775537
0.825492
0.87539
0.92525
0.975086
0.0249395
0.074825
0.12473
0.174667
0.224648
0.274668
0.32468
0.374665
0.424706
0.474878
0.525121
0.575293
0.625334
0.675319
0.725331
0.775351
0.825333
0.87527
0.925175
0.97506
0.0249593
0.0748829
0.124822
0.174787
0.224785
0.274809
0.324811
0.374777
0.424785
0.474907
0.525092
0.575214
0.625222
0.675188
0.72519
0.775214
0.825213
0.875177
0.925117
0.975041
0.0249741
0.0749262
0.12489
0.174874
0.224883
0.274906
0.324901
0.374855
0.424842
0.474928
0.525071
0.575157
0.625144
0.675098
0.725093
0.775116
0.825125
0.875109
0.925073
0.975026
0.0249847
0.0749572
0.124939
0.174934
0.224949
0.27497
0.324959
0.374908
0.424883
0.474944
0.525055
0.575116
0.62509
0.67504
0.725029
0.77505
0.825065
0.875061
0.925043
0.975015
0.0249919
0.074978
0.124971
0.174974
0.22499
0.275008
0.324994
0.374943
0.424912
0.474956
0.525043
0.575087
0.625056
0.675005
0.724991
0.775009
0.825026
0.875029
0.925022
0.975008
0.0249964
0.0749906
0.12499
0.174996
0.225012
0.275026
0.32501
0.374963
0.424933
0.474965
0.525034
0.575066
0.625036
0.674989
0.724973
0.774987
0.825003
0.87501
0.925009
0.975004
0.0249986
0.0749967
0.124998
0.175005
0.225019
0.275028
0.325012
0.374972
0.424946
0.474972
0.525027
0.575052
0.625027
0.674987
0.724971
0.77498
0.824994
0.875001
0.925003
0.975001
0.024999
0.0749977
0.124999
0.175004
0.225014
0.275019
0.325003
0.374972
0.424955
0.474977
0.525021
0.575043
0.625026
0.674995
0.72498
0.774985
0.824995
0.875001
0.925002
0.975001
0.024998
0.0749946
0.124993
0.174994
0.225
0.274999
0.324986
0.374966
0.42496
0.474981
0.525017
0.575038
0.625032
0.675013
0.725
0.774999
0.825005
0.875007
0.925005
0.975002
0.0249958
0.0749879
0.124982
0.174978
0.224977
0.274972
0.324961
0.374955
0.424962
0.474984
0.525014
0.575037
0.625044
0.675038
0.725027
0.775022
0.825022
0.875018
0.925012
0.975004
0.0245922
0.0737468
0.122803
0.171658
0.220104
0.267622
0.31511
0.364585
0.41697
0.471968
0.528031
0.58303
0.635415
0.68489
0.732378
0.779895
0.828342
0.877196
0.926253
0.975408
0.0246048
0.0737894
0.122893
0.171844
0.22054
0.268904
0.317542
0.367547
0.419432
0.472932
0.527067
0.580567
0.632453
0.682457
0.731095
0.779459
0.828155
0.877106
0.92621
0.975395
0.024631
0.0738755
0.123067
0.17217
0.221165
0.27012
0.319423
0.369654
0.421094
0.473563
0.526436
0.578905
0.630346
0.680576
0.72988
0.778834
0.82783
0.876933
0.926124
0.975369
0.0246679
0.0739948
0.123297
0.172568
0.221834
0.271189
0.320866
0.371158
0.422231
0.473985
0.526014
0.577769
0.628841
0.679133
0.72881
0.778166
0.827431
0.876703
0.926005
0.975332
0.0247117
0.0741334
0.123554
0.172985
0.222469
0.272088
0.321965
0.372238
0.423018
0.474273
0.525727
0.576981
0.627761
0.678034
0.727911
0.777531
0.827014
0.876446
0.925866
0.975288
0.0247582
0.0742782
0.123813
0.173383
0.223032
0.27282
0.322797
0.373017
0.423571
0.474472
0.525527
0.576428
0.626982
0.677202
0.727179
0.776967
0.826616
0.876187
0.925722
0.975242
0.0248038
0.0744183
0.124056
0.173741
0.223511
0.273404
0.323423
0.373582
0.423964
0.474613
0.525386
0.576035
0.626417
0.676576
0.726596
0.776489
0.826258
0.875944
0.925581
0.975196
0.024846
0.0745462
0.124273
0.174049
0.223904
0.273859
0.323891
0.373993
0.424246
0.474714
0.525286
0.575753
0.626007
0.676108
0.72614
0.776095
0.825951
0.875727
0.925454
0.975154
0.0248831
0.0746574
0.124457
0.174303
0.224218
0.274209
0.324239
0.374291
0.42445
0.474786
0.525213
0.575549
0.625708
0.67576
0.72579
0.775781
0.825696
0.875542
0.925342
0.975117
0.0249142
0.0747502
0.124609
0.174508
0.224463
0.274473
0.324495
0.374509
0.424598
0.474839
0.52516
0.575401
0.62549
0.675504
0.725526
0.775537
0.825492
0.87539
0.92525
0.975086
0.0249395
0.0748248
0.12473
0.174667
0.224648
0.274668
0.32468
0.374665
0.424706
0.474878
0.525121
0.575293
0.625334
0.675319
0.725331
0.775351
0.825333
0.87527
0.925175
0.97506
0.0249592
0.0748828
0.124822
0.174786
0.224785
0.274809
0.324811
0.374777
0.424785
0.474907
0.525092
0.575214
0.625222
0.675188
0.725191
0.775214
0.825213
0.875177
0.925117
0.975041
0.024974
0.0749261
0.12489
0.174874
0.224883
0.274906
0.324901
0.374855
0.424842
0.474928
0.525071
0.575157
0.625144
0.675098
0.725093
0.775116
0.825125
0.875109
0.925074
0.975026
0.0249847
0.0749571
0.124938
0.174934
0.224949
0.27497
0.324959
0.374908
0.424883
0.474944
0.525055
0.575116
0.62509
0.67504
0.725029
0.77505
0.825065
0.875061
0.925043
0.975015
0.0249919
0.0749779
0.12497
0.174974
0.22499
0.275008
0.324994
0.374943
0.424912
0.474956
0.525043
0.575087
0.625056
0.675005
0.724991
0.775009
0.825026
0.875029
0.925022
0.975008
0.0249963
0.0749905
0.124989
0.174996
0.225012
0.275026
0.32501
0.374963
0.424933
0.474965
0.525034
0.575066
0.625036
0.674989
0.724973
0.774987
0.825003
0.87501
0.925009
0.975004
0.0249985
0.0749966
0.124998
0.175005
0.225019
0.275028
0.325012
0.374972
0.424946
0.474972
0.525027
0.575052
0.625027
0.674987
0.724971
0.77498
0.824994
0.875001
0.925003
0.975001
0.0249989
0.0749976
0.124999
0.175004
0.225014
0.275019
0.325003
0.374972
0.424955
0.474977
0.525021
0.575043
0.625026
0.674996
0.72498
0.774985
0.824995
0.875001
0.925002
0.975001
0.024998
0.0749945
0.124993
0.174994
0.225
0.274999
0.324986
0.374966
0.42496
0.474981
0.525017
0.575039
0.625032
0.675013
0.725
0.774999
0.825005
0.875007
0.925005
0.975002
0.0249958
0.0749879
0.124982
0.174978
0.224977
0.274972
0.324961
0.374955
0.424962
0.474984
0.525014
0.575037
0.625043
0.675038
0.725027
0.775022
0.825021
0.875018
0.925012
0.975004
0.0245921
0.0737467
0.122803
0.171658
0.220104
0.267622
0.31511
0.364585
0.41697
0.471969
0.528031
0.58303
0.635415
0.684889
0.732378
0.779895
0.828342
0.877196
0.926253
0.975408
0.0246048
0.0737894
0.122893
0.171844
0.22054
0.268904
0.317542
0.367546
0.419432
0.472932
0.527068
0.580567
0.632453
0.682457
0.731095
0.779459
0.828155
0.877106
0.92621
0.975395
0.024631
0.0738755
0.123067
0.17217
0.221165
0.27012
0.319423
0.369654
0.421094
0.473563
0.526436
0.578905
0.630346
0.680576
0.72988
0.778834
0.82783
0.876933
0.926124
0.975369
0.0246679
0.0739947
0.123297
0.172568
0.221834
0.271189
0.320866
0.371158
0.422231
0.473985
0.526014
0.577769
0.628841
0.679133
0.72881
0.778166
0.827431
0.876703
0.926005
0.975332
0.0247117
0.0741334
0.123554
0.172985
0.222469
0.272088
0.321965
0.372238
0.423018
0.474273
0.525727
0.576981
0.627761
0.678034
0.727911
0.777531
0.827014
0.876446
0.925866
0.975288
0.0247582
0.0742782
0.123813
0.173383
0.223032
0.27282
0.322797
0.373017
0.423571
0.474472
0.525527
0.576428
0.626982
0.677202
0.727179
0.776967
0.826616
0.876187
0.925722
0.975242
0.0248038
0.0744182
0.124056
0.173741
0.223511
0.273404
0.323423
0.373582
0.423964
0.474613
0.525386
0.576035
0.626417
0.676576
0.726596
0.776489
0.826258
0.875944
0.925581
0.975196
0.024846
0.0745461
0.124273
0.174048
0.223904
0.273859
0.323891
0.373993
0.424246
0.474714
0.525286
0.575753
0.626007
0.676108
0.72614
0.776095
0.825951
0.875727
0.925454
0.975154
0.024883
0.0746573
0.124457
0.174303
0.224218
0.274209
0.324239
0.374291
0.42445
0.474786
0.525213
0.575549
0.625708
0.67576
0.72579
0.775781
0.825696
0.875542
0.925342
0.975117
0.0249142
0.0747501
0.124609
0.174508
0.224463
0.274473
0.324495
0.374509
0.424598
0.474839
0.52516
0.575401
0.62549
0.675504
0.725526
0.775537
0.825492
0.87539
0.92525
0.975086
0.0249394
0.0748247
0.124729
0.174667
0.224648
0.274668
0.32468
0.374665
0.424706
0.474878
0.525121
0.575293
0.625334
0.675319
0.725331
0.775351
0.825333
0.87527
0.925175
0.97506
0.0249591
0.0748827
0.124822
0.174786
0.224785
0.274809
0.324811
0.374777
0.424785
0.474907
0.525092
0.575214
0.625222
0.675188
0.725191
0.775214
0.825213
0.875178
0.925117
0.975041
0.024974
0.074926
0.12489
0.174874
0.224883
0.274906
0.324901
0.374855
0.424842
0.474928
0.525071
0.575157
0.625144
0.675098
0.725093
0.775116
0.825126
0.875109
0.925074
0.975026
0.0249846
0.074957
0.124938
0.174934
0.224949
0.27497
0.324959
0.374908
0.424883
0.474944
0.525055
0.575116
0.625091
0.67504
0.725029
0.77505
0.825065
0.875061
0.925043
0.975015
0.0249918
0.0749778
0.12497
0.174973
0.22499
0.275008
0.324994
0.374943
0.424912
0.474956
0.525043
0.575087
0.625056
0.675005
0.724991
0.775009
0.825026
0.875029
0.925022
0.975008
0.0249963
0.0749904
0.124989
0.174996
0.225012
0.275026
0.32501
0.374963
0.424933
0.474965
0.525034
0.575066
0.625036
0.674989
0.724973
0.774987
0.825003
0.87501
0.925009
0.975004
0.0249984
0.0749965
0.124998
0.175005
0.225019
0.275028
0.325012
0.374972
0.424946
0.474972
0.525027
0.575052
0.625027
0.674987
0.724971
0.77498
0.824994
0.875001
0.925003
0.975001
0.0249989
0.0749975
0.124999
0.175004
0.225014
0.275018
0.325003
0.374972
0.424955
0.474977
0.525021
0.575044
0.625026
0.674996
0.72498
0.774985
0.824996
0.875001
0.925002
0.975001
0.0249979
0.0749943
0.124993
0.174994
0.224999
0.274999
0.324986
0.374966
0.42496
0.474981
0.525017
0.575039
0.625032
0.675013
0.725
0.775
0.825005
0.875007
0.925005
0.975002
0.0249957
0.0749877
0.124981
0.174978
0.224977
0.274972
0.324961
0.374955
0.424962
0.474984
0.525014
0.575037
0.625044
0.675038
0.725027
0.775022
0.825022
0.875018
0.925012
0.975004
0.0245921
0.0737468
0.122804
0.171658
0.220104
0.267622
0.31511
0.364585
0.41697
0.471968
0.528031
0.58303
0.635415
0.684889
0.732377
0.779895
0.828342
0.877196
0.926253
0.975408
0.0246048
0.0737894
0.122894
0.171844
0.220541
0.268904
0.317542
0.367546
0.419432
0.472932
0.527067
0.580567
0.632453
0.682457
0.731095
0.779459
0.828155
0.877106
0.92621
0.975395
0.024631
0.0738756
0.123067
0.17217
0.221165
0.27012
0.319423
0.369654
0.421094
0.473563
0.526436
0.578905
0.630346
0.680576
0.729879
0.778834
0.827829
0.876933
0.926124
0.975369
0.0246679
0.0739948
0.123297
0.172568
0.221834
0.271189
0.320866
0.371158
0.422231
0.473985
0.526014
0.577769
0.628841
0.679133
0.72881
0.778166
0.827431
0.876703
0.926005
0.975332
0.0247117
0.0741335
0.123554
0.172985
0.222469
0.272088
0.321965
0.372238
0.423018
0.474273
0.525727
0.576981
0.627761
0.678034
0.727911
0.777531
0.827014
0.876446
0.925866
0.975288
0.0247582
0.0742783
0.123813
0.173383
0.223032
0.272821
0.322797
0.373017
0.423571
0.474472
0.525527
0.576427
0.626982
0.677202
0.727179
0.776967
0.826616
0.876187
0.925721
0.975242
0.0248038
0.0744183
0.124056
0.173741
0.223511
0.273404
0.323423
0.373582
0.423964
0.474613
0.525386
0.576035
0.626417
0.676576
0.726596
0.776489
0.826258
0.875944
0.925581
0.975196
0.024846
0.0745462
0.124273
0.174049
0.223904
0.273859
0.323892
0.373993
0.424246
0.474713
0.525286
0.575753
0.626007
0.676108
0.72614
0.776095
0.825951
0.875727
0.925454
0.975154
0.0248831
0.0746574
0.124458
0.174303
0.224218
0.274209
0.324239
0.374292
0.42445
0.474786
0.525213
0.575549
0.625708
0.67576
0.72579
0.775781
0.825696
0.875542
0.925342
0.975117
0.0249142
0.0747502
0.124609
0.174508
0.224463
0.274473
0.324495
0.374509
0.424598
0.474839
0.52516
0.575401
0.62549
0.675504
0.725526
0.775537
0.825492
0.87539
0.92525
0.975086
0.0249395
0.0748248
0.12473
0.174667
0.224648
0.274668
0.32468
0.374665
0.424706
0.474878
0.525121
0.575293
0.625334
0.675319
0.725331
0.775351
0.825333
0.87527
0.925175
0.97506
0.0249592
0.0748827
0.124822
0.174786
0.224785
0.274809
0.324811
0.374777
0.424785
0.474907
0.525092
0.575214
0.625222
0.675188
0.72519
0.775214
0.825213
0.875177
0.925117
0.975041
0.024974
0.0749261
0.12489
0.174874
0.224883
0.274906
0.324901
0.374855
0.424842
0.474928
0.525071
0.575157
0.625144
0.675098
0.725093
0.775116
0.825125
0.875109
0.925073
0.975026
0.0249847
0.0749571
0.124938
0.174934
0.224949
0.27497
0.324959
0.374908
0.424883
0.474944
0.525055
0.575116
0.62509
0.67504
0.725029
0.77505
0.825065
0.875061
0.925043
0.975015
0.0249919
0.0749779
0.12497
0.174974
0.22499
0.275008
0.324994
0.374943
0.424912
0.474956
0.525043
0.575087
0.625056
0.675005
0.724991
0.775009
0.825026
0.875029
0.925022
0.975008
0.0249963
0.0749905
0.124989
0.174996
0.225012
0.275026
0.32501
0.374963
0.424933
0.474965
0.525033
0.575066
0.625036
0.674989
0.724973
0.774987
0.825003
0.87501
0.925009
0.975004
0.0249985
0.0749966
0.124998
0.175005
0.225019
0.275028
0.325012
0.374972
0.424946
0.474972
0.525027
0.575052
0.625027
0.674987
0.724971
0.77498
0.824994
0.875001
0.925003
0.975001
0.0249989
0.0749975
0.124999
0.175004
0.225014
0.275018
0.325003
0.374972
0.424955
0.474977
0.525021
0.575043
0.625026
0.674996
0.72498
0.774985
0.824995
0.875001
0.925002
0.975001
0.0249979
0.0749943
0.124993
0.174994
0.224999
0.274999
0.324986
0.374966
0.42496
0.474981
0.525017
0.575039
0.625032
0.675013
0.725
0.775
0.825005
0.875007
0.925005
0.975002
0.0249957
0.0749877
0.124981
0.174978
0.224977
0.274972
0.324961
0.374955
0.424962
0.474984
0.525014
0.575037
0.625044
0.675038
0.725027
0.775022
0.825022
0.875018
0.925012
0.975004
0.0245922
0.0737469
0.122804
0.171658
0.220104
0.267622
0.31511
0.364585
0.41697
0.471968
0.528031
0.58303
0.635415
0.684889
0.732377
0.779895
0.828342
0.877196
0.926253
0.975408
0.0246048
0.0737895
0.122894
0.171844
0.220541
0.268904
0.317542
0.367547
0.419432
0.472932
0.527067
0.580567
0.632453
0.682457
0.731095
0.779459
0.828155
0.877106
0.92621
0.975395
0.024631
0.0738756
0.123067
0.17217
0.221165
0.27012
0.319423
0.369654
0.421094
0.473563
0.526436
0.578905
0.630345
0.680576
0.729879
0.778834
0.827829
0.876932
0.926124
0.975369
0.024668
0.0739949
0.123297
0.172568
0.221834
0.271189
0.320866
0.371158
0.422231
0.473985
0.526014
0.577769
0.628841
0.679133
0.72881
0.778166
0.827431
0.876703
0.926005
0.975332
0.0247117
0.0741335
0.123554
0.172985
0.222469
0.272088
0.321965
0.372238
0.423018
0.474273
0.525727
0.576981
0.627761
0.678034
0.727911
0.777531
0.827014
0.876446
0.925866
0.975288
0.0247582
0.0742783
0.123813
0.173383
0.223032
0.272821
0.322797
0.373017
0.423571
0.474472
0.525527
0.576427
0.626982
0.677202
0.727179
0.776967
0.826616
0.876187
0.925721
0.975242
0.0248039
0.0744184
0.124056
0.173741
0.223511
0.273404
0.323423
0.373582
0.423964
0.474613
0.525386
0.576034
0.626417
0.676576
0.726596
0.776488
0.826258
0.875944
0.925581
0.975196
0.024846
0.0745462
0.124273
0.174049
0.223904
0.273859
0.323892
0.373993
0.424246
0.474713
0.525286
0.575753
0.626006
0.676108
0.72614
0.776095
0.825951
0.875727
0.925454
0.975154
0.0248831
0.0746574
0.124458
0.174303
0.224218
0.274209
0.324239
0.374292
0.42445
0.474786
0.525213
0.575549
0.625707
0.67576
0.72579
0.775781
0.825696
0.875542
0.925342
0.975117
0.0249142
0.0747502
0.124609
0.174508
0.224463
0.274473
0.324495
0.374509
0.424598
0.474839
0.52516
0.5754
0.62549
0.675504
0.725526
0.775537
0.825492
0.87539
0.92525
0.975086
0.0249395
0.0748248
0.12473
0.174667
0.224648
0.274668
0.32468
0.374665
0.424706
0.474878
0.525121
0.575293
0.625334
0.675319
0.725331
0.775351
0.825333
0.87527
0.925175
0.97506
0.0249592
0.0748828
0.124822
0.174787
0.224785
0.274809
0.324811
0.374777
0.424785
0.474907
0.525092
0.575214
0.625222
0.675188
0.72519
0.775214
0.825213
0.875177
0.925117
0.975041
0.024974
0.0749261
0.12489
0.174874
0.224883
0.274906
0.324901
0.374855
0.424842
0.474928
0.525071
0.575157
0.625143
0.675098
0.725093
0.775116
0.825125
0.875109
0.925073
0.975026
0.0249847
0.0749571
0.124938
0.174934
0.224949
0.27497
0.324959
0.374908
0.424883
0.474944
0.525055
0.575116
0.62509
0.67504
0.725029
0.77505
0.825065
0.875061
0.925043
0.975015
0.0249919
0.0749779
0.12497
0.174974
0.22499
0.275008
0.324994
0.374943
0.424912
0.474956
0.525043
0.575087
0.625056
0.675005
0.724991
0.775009
0.825026
0.875029
0.925022
0.975008
0.0249963
0.0749905
0.124989
0.174996
0.225012
0.275026
0.32501
0.374962
0.424933
0.474965
0.525033
0.575066
0.625036
0.674989
0.724973
0.774987
0.825003
0.87501
0.925009
0.975004
0.0249985
0.0749966
0.124998
0.175005
0.225019
0.275028
0.325012
0.374972
0.424946
0.474972
0.525027
0.575052
0.625027
0.674987
0.724971
0.77498
0.824994
0.875001
0.925003
0.975001
0.0249989
0.0749975
0.124999
0.175004
0.225014
0.275018
0.325003
0.374972
0.424955
0.474977
0.525021
0.575043
0.625026
0.674996
0.72498
0.774985
0.824995
0.875001
0.925002
0.975001
0.0249979
0.0749944
0.124993
0.174994
0.224999
0.274999
0.324986
0.374966
0.42496
0.474981
0.525017
0.575039
0.625032
0.675013
0.725
0.775
0.825005
0.875007
0.925005
0.975002
0.0249957
0.0749877
0.124981
0.174978
0.224977
0.274972
0.324961
0.374955
0.424962
0.474984
0.525014
0.575037
0.625044
0.675038
0.725027
0.775022
0.825022
0.875018
0.925012
0.975004
0.0245922
0.0737469
0.122804
0.171658
0.220104
0.267622
0.31511
0.364585
0.41697
0.471968
0.528031
0.58303
0.635415
0.684889
0.732377
0.779895
0.828342
0.877196
0.926253
0.975408
0.0246049
0.0737895
0.122894
0.171844
0.220541
0.268904
0.317542
0.367547
0.419432
0.472932
0.527067
0.580567
0.632453
0.682457
0.731095
0.779459
0.828155
0.877106
0.92621
0.975395
0.024631
0.0738756
0.123067
0.17217
0.221165
0.27012
0.319423
0.369654
0.421094
0.473563
0.526436
0.578905
0.630345
0.680576
0.729879
0.778834
0.827829
0.876932
0.926124
0.975369
0.024668
0.0739949
0.123297
0.172568
0.221834
0.271189
0.320866
0.371158
0.422231
0.473985
0.526014
0.577769
0.628841
0.679133
0.72881
0.778166
0.827431
0.876703
0.926005
0.975332
0.0247117
0.0741335
0.123554
0.172985
0.222469
0.272088
0.321965
0.372238
0.423018
0.474273
0.525727
0.576981
0.627761
0.678034
0.727911
0.777531
0.827014
0.876446
0.925866
0.975288
0.0247582
0.0742783
0.123813
0.173383
0.223032
0.272821
0.322797
0.373017
0.423571
0.474472
0.525527
0.576427
0.626982
0.677202
0.727179
0.776967
0.826616
0.876187
0.925721
0.975242
0.0248039
0.0744184
0.124056
0.173741
0.223511
0.273404
0.323423
0.373582
0.423964
0.474613
0.525386
0.576034
0.626417
0.676576
0.726596
0.776489
0.826258
0.875944
0.925581
0.975196
0.024846
0.0745462
0.124273
0.174049
0.223904
0.273859
0.323892
0.373993
0.424246
0.474713
0.525286
0.575753
0.626006
0.676108
0.72614
0.776095
0.825951
0.875727
0.925454
0.975154
0.0248831
0.0746574
0.124458
0.174303
0.224218
0.274209
0.324239
0.374291
0.42445
0.474786
0.525213
0.575549
0.625707
0.67576
0.72579
0.775781
0.825696
0.875542
0.925342
0.975117
0.0249142
0.0747502
0.124609
0.174508
0.224463
0.274473
0.324495
0.374509
0.424598
0.474839
0.52516
0.5754
0.62549
0.675504
0.725526
0.775537
0.825492
0.87539
0.92525
0.975086
0.0249395
0.0748248
0.12473
0.174667
0.224648
0.274668
0.32468
0.374665
0.424706
0.474878
0.525121
0.575293
0.625334
0.675319
0.725331
0.775351
0.825333
0.87527
0.925175
0.97506
0.0249592
0.0748828
0.124822
0.174787
0.224785
0.274809
0.324811
0.374777
0.424785
0.474907
0.525092
0.575214
0.625222
0.675188
0.72519
0.775214
0.825213
0.875177
0.925117
0.975041
0.024974
0.0749261
0.12489
0.174874
0.224883
0.274906
0.324901
0.374855
0.424842
0.474928
0.525071
0.575157
0.625143
0.675098
0.725093
0.775116
0.825125
0.875109
0.925074
0.975026
0.0249847
0.0749571
0.124938
0.174934
0.224949
0.27497
0.324959
0.374908
0.424883
0.474944
0.525055
0.575116
0.62509
0.67504
0.725029
0.77505
0.825065
0.875061
0.925043
0.975015
0.0249919
0.0749779
0.12497
0.174974
0.22499
0.275008
0.324994
0.374943
0.424912
0.474956
0.525043
0.575086
0.625056
0.675005
0.724991
0.775009
0.825026
0.875029
0.925022
0.975008
0.0249963
0.0749905
0.124989
0.174996
0.225012
0.275026
0.32501
0.374962
0.424932
0.474965
0.525033
0.575066
0.625036
0.674989
0.724973
0.774987
0.825003
0.87501
0.925009
0.975004
0.0249985
0.0749966
0.124998
0.175005
0.225019
0.275028
0.325012
0.374971
0.424946
0.474972
0.525027
0.575052
0.625027
0.674987
0.724971
0.77498
0.824994
0.875001
0.925003
0.975001
0.0249989
0.0749975
0.124999
0.175004
0.225014
0.275018
0.325003
0.374972
0.424955
0.474977
0.525021
0.575043
0.625026
0.674996
0.72498
0.774985
0.824996
0.875001
0.925002
0.975001
0.0249979
0.0749944
0.124993
0.174994
0.224999
0.274999
0.324985
0.374966
0.42496
0.474981
0.525017
0.575038
0.625032
0.675013
0.725
0.775
0.825005
0.875007
0.925005
0.975002
0.0249957
0.0749877
0.124981
0.174978
0.224977
0.274972
0.324961
0.374955
0.424962
0.474984
0.525014
0.575037
0.625044
0.675038
0.725027
0.775022
0.825022
0.875018
0.925012
0.975004
0.0245922
0.0737469
0.122804
0.171658
0.220104
0.267622
0.31511
0.364585
0.41697
0.471968
0.528031
0.58303
0.635415
0.684889
0.732377
0.779895
0.828342
0.877196
0.926253
0.975408
0.0246048
0.0737895
0.122894
0.171844
0.22054
0.268904
0.317542
0.367546
0.419432
0.472932
0.527067
0.580567
0.632453
0.682457
0.731095
0.779459
0.828155
0.877106
0.92621
0.975395
0.024631
0.0738756
0.123067
0.17217
0.221165
0.27012
0.319423
0.369654
0.421094
0.473563
0.526436
0.578905
0.630346
0.680576
0.729879
0.778834
0.82783
0.876933
0.926124
0.975369
0.024668
0.0739948
0.123297
0.172568
0.221834
0.271189
0.320866
0.371158
0.422231
0.473985
0.526014
0.577769
0.628841
0.679133
0.72881
0.778166
0.827431
0.876703
0.926005
0.975332
0.0247117
0.0741335
0.123554
0.172985
0.222469
0.272088
0.321965
0.372238
0.423018
0.474273
0.525727
0.576981
0.627761
0.678034
0.727911
0.777531
0.827014
0.876446
0.925866
0.975288
0.0247582
0.0742783
0.123813
0.173383
0.223032
0.27282
0.322797
0.373017
0.423571
0.474472
0.525527
0.576427
0.626982
0.677202
0.727179
0.776967
0.826616
0.876187
0.925722
0.975242
0.0248038
0.0744183
0.124056
0.173741
0.223511
0.273404
0.323423
0.373582
0.423964
0.474613
0.525386
0.576034
0.626417
0.676576
0.726596
0.776489
0.826258
0.875944
0.925581
0.975196
0.024846
0.0745462
0.124273
0.174049
0.223904
0.273859
0.323891
0.373993
0.424246
0.474713
0.525286
0.575753
0.626006
0.676108
0.72614
0.776095
0.825951
0.875727
0.925454
0.975154
0.0248831
0.0746574
0.124457
0.174303
0.224218
0.274209
0.324239
0.374291
0.42445
0.474786
0.525213
0.575549
0.625708
0.67576
0.72579
0.775781
0.825696
0.875542
0.925342
0.975117
0.0249142
0.0747502
0.124609
0.174508
0.224463
0.274473
0.324495
0.374508
0.424598
0.474839
0.52516
0.575401
0.62549
0.675504
0.725526
0.775537
0.825492
0.87539
0.92525
0.975086
0.0249395
0.0748248
0.12473
0.174667
0.224648
0.274668
0.32468
0.374665
0.424706
0.474878
0.525121
0.575293
0.625334
0.675319
0.725331
0.775351
0.825333
0.87527
0.925175
0.97506
0.0249592
0.0748828
0.124822
0.174786
0.224785
0.274809
0.324811
0.374777
0.424785
0.474907
0.525092
0.575214
0.625222
0.675188
0.72519
0.775214
0.825213
0.875178
0.925117
0.975041
0.024974
0.0749261
0.12489
0.174874
0.224883
0.274906
0.324901
0.374855
0.424842
0.474928
0.525071
0.575157
0.625144
0.675098
0.725093
0.775116
0.825126
0.875109
0.925074
0.975026
0.0249847
0.074957
0.124938
0.174934
0.224949
0.27497
0.324959
0.374908
0.424883
0.474944
0.525055
0.575116
0.62509
0.67504
0.725029
0.77505
0.825065
0.875061
0.925043
0.975015
0.0249919
0.0749778
0.12497
0.174973
0.22499
0.275008
0.324993
0.374942
0.424912
0.474956
0.525042
0.575087
0.625056
0.675005
0.724991
0.775009
0.825026
0.875029
0.925022
0.975008
0.0249963
0.0749904
0.124989
0.174996
0.225012
0.275026
0.32501
0.374962
0.424932
0.474965
0.525033
0.575066
0.625036
0.674989
0.724973
0.774987
0.825003
0.87501
0.925009
0.975004
0.0249985
0.0749965
0.124998
0.175005
0.225019
0.275028
0.325012
0.374971
0.424946
0.474972
0.525026
0.575052
0.625027
0.674987
0.724971
0.77498
0.824994
0.875001
0.925003
0.975001
0.0249989
0.0749975
0.124999
0.175004
0.225014
0.275018
0.325003
0.374972
0.424955
0.474977
0.525021
0.575043
0.625026
0.674996
0.72498
0.774985
0.824996
0.875001
0.925002
0.975001
0.0249979
0.0749943
0.124993
0.174994
0.224999
0.274999
0.324985
0.374966
0.42496
0.474981
0.525017
0.575038
0.625032
0.675013
0.725
0.775
0.825005
0.875007
0.925005
0.975002
0.0249957
0.0749877
0.124981
0.174978
0.224977
0.274971
0.32496
0.374955
0.424962
0.474984
0.525014
0.575037
0.625044
0.675038
0.725027
0.775022
0.825022
0.875018
0.925012
0.975004
0.0245922
0.0737468
0.122803
0.171658
0.220104
0.267622
0.31511
0.364584
0.416969
0.471968
0.528031
0.58303
0.635415
0.684889
0.732378
0.779895
0.828342
0.877196
0.926253
0.975408
0.0246048
0.0737894
0.122894
0.171844
0.22054
0.268904
0.317542
0.367546
0.419432
0.472932
0.527067
0.580567
0.632453
0.682457
0.731095
0.779459
0.828155
0.877106
0.92621
0.975395
0.024631
0.0738756
0.123067
0.17217
0.221165
0.27012
0.319423
0.369654
0.421094
0.473563
0.526436
0.578905
0.630346
0.680576
0.72988
0.778834
0.82783
0.876933
0.926124
0.975369
0.0246679
0.0739948
0.123297
0.172568
0.221834
0.271189
0.320866
0.371158
0.42223
0.473985
0.526014
0.577769
0.628841
0.679133
0.72881
0.778166
0.827431
0.876703
0.926005
0.975332
0.0247117
0.0741334
0.123554
0.172985
0.222468
0.272088
0.321965
0.372238
0.423018
0.474273
0.525727
0.576981
0.627761
0.678034
0.727911
0.777531
0.827015
0.876446
0.925866
0.975288
0.0247582
0.0742782
0.123813
0.173383
0.223032
0.27282
0.322797
0.373017
0.423571
0.474472
0.525527
0.576428
0.626982
0.677202
0.727179
0.776967
0.826616
0.876187
0.925722
0.975242
0.0248038
0.0744183
0.124056
0.173741
0.223511
0.273403
0.323423
0.373582
0.423964
0.474613
0.525386
0.576035
0.626417
0.676576
0.726596
0.776489
0.826258
0.875944
0.925582
0.975196
0.024846
0.0745461
0.124273
0.174048
0.223904
0.273859
0.323891
0.373992
0.424246
0.474713
0.525285
0.575753
0.626007
0.676108
0.72614
0.776096
0.825951
0.875727
0.925454
0.975154
0.024883
0.0746573
0.124457
0.174303
0.224218
0.274209
0.324239
0.374291
0.42445
0.474786
0.525213
0.575549
0.625708
0.67576
0.72579
0.775781
0.825696
0.875542
0.925343
0.975117
0.0249142
0.0747502
0.124609
0.174508
0.224462
0.274473
0.324494
0.374508
0.424598
0.474839
0.52516
0.575401
0.62549
0.675504
0.725526
0.775537
0.825492
0.87539
0.92525
0.975086
0.0249395
0.0748248
0.12473
0.174667
0.224648
0.274668
0.324679
0.374665
0.424706
0.474878
0.525121
0.575293
0.625334
0.675319
0.725331
0.775351
0.825333
0.87527
0.925175
0.97506
0.0249592
0.0748827
0.124822
0.174786
0.224785
0.274808
0.324811
0.374777
0.424785
0.474907
0.525092
0.575214
0.625222
0.675188
0.725191
0.775214
0.825213
0.875178
0.925117
0.975041
0.024974
0.074926
0.12489
0.174874
0.224883
0.274906
0.3249
0.374855
0.424842
0.474928
0.525071
0.575157
0.625144
0.675098
0.725093
0.775116
0.825126
0.875109
0.925074
0.975026
0.0249847
0.074957
0.124938
0.174934
0.224949
0.27497
0.324959
0.374908
0.424883
0.474944
0.525055
0.575116
0.62509
0.67504
0.725029
0.77505
0.825065
0.875061
0.925043
0.975015
0.0249919
0.0749778
0.12497
0.174973
0.22499
0.275008
0.324993
0.374942
0.424912
0.474956
0.525042
0.575087
0.625056
0.675005
0.724991
0.775009
0.825026
0.875029
0.925022
0.975008
0.0249963
0.0749904
0.124989
0.174996
0.225012
0.275025
0.32501
0.374962
0.424932
0.474965
0.525033
0.575066
0.625036
0.674989
0.724973
0.774987
0.825004
0.87501
0.925009
0.975004
0.0249985
0.0749965
0.124998
0.175005
0.225019
0.275028
0.325012
0.374971
0.424946
0.474972
0.525026
0.575052
0.625027
0.674987
0.724971
0.77498
0.824994
0.875002
0.925003
0.975002
0.0249989
0.0749975
0.124999
0.175004
0.225014
0.275018
0.325003
0.374972
0.424955
0.474977
0.525021
0.575043
0.625026
0.674996
0.724981
0.774985
0.824996
0.875001
0.925002
0.975001
0.0249979
0.0749943
0.124993
0.174994
0.224999
0.274999
0.324985
0.374966
0.42496
0.474981
0.525017
0.575038
0.625032
0.675013
0.725
0.775
0.825005
0.875007
0.925006
0.975002
0.0249957
0.0749877
0.124981
0.174977
0.224977
0.274971
0.32496
0.374955
0.424961
0.474984
0.525014
0.575037
0.625044
0.675038
0.725027
0.775022
0.825022
0.875018
0.925012
0.975004
0.0245921
0.0737468
0.122803
0.171658
0.220104
0.267622
0.31511
0.364584
0.416969
0.471968
0.528031
0.58303
0.635415
0.684889
0.732378
0.779895
0.828342
0.877196
0.926253
0.975408
0.0246048
0.0737894
0.122893
0.171844
0.22054
0.268904
0.317542
0.367547
0.419432
0.472932
0.527067
0.580567
0.632453
0.682457
0.731095
0.779459
0.828155
0.877106
0.92621
0.975395
0.024631
0.0738755
0.123067
0.17217
0.221165
0.27012
0.319423
0.369654
0.421094
0.473563
0.526436
0.578905
0.630346
0.680576
0.72988
0.778834
0.82783
0.876933
0.926124
0.975369
0.0246679
0.0739948
0.123297
0.172568
0.221834
0.271189
0.320866
0.371158
0.42223
0.473985
0.526014
0.577769
0.628841
0.679133
0.72881
0.778166
0.827431
0.876703
0.926005
0.975332
0.0247117
0.0741334
0.123554
0.172985
0.222468
0.272088
0.321965
0.372238
0.423018
0.474273
0.525726
0.576981
0.627761
0.678034
0.727911
0.777531
0.827015
0.876446
0.925866
0.975288
0.0247582
0.0742782
0.123813
0.173383
0.223032
0.27282
0.322797
0.373017
0.423571
0.474472
0.525527
0.576428
0.626982
0.677202
0.727179
0.776967
0.826616
0.876187
0.925722
0.975242
0.0248038
0.0744183
0.124056
0.173741
0.223511
0.273403
0.323423
0.373582
0.423964
0.474613
0.525386
0.576035
0.626417
0.676576
0.726596
0.776489
0.826258
0.875944
0.925581
0.975196
0.024846
0.0745461
0.124273
0.174049
0.223904
0.273859
0.323891
0.373992
0.424246
0.474713
0.525286
0.575753
0.626007
0.676108
0.72614
0.776096
0.825951
0.875727
0.925454
0.975154
0.024883
0.0746573
0.124457
0.174303
0.224218
0.274209
0.324239
0.374291
0.42445
0.474786
0.525213
0.575549
0.625708
0.67576
0.72579
0.775781
0.825696
0.875542
0.925342
0.975117
0.0249142
0.0747502
0.124609
0.174508
0.224462
0.274473
0.324494
0.374508
0.424598
0.474839
0.52516
0.575401
0.62549
0.675504
0.725526
0.775537
0.825492
0.87539
0.92525
0.975086
0.0249395
0.0748248
0.12473
0.174667
0.224648
0.274668
0.324679
0.374665
0.424706
0.474878
0.525121
0.575293
0.625334
0.675319
0.725331
0.775351
0.825333
0.87527
0.925175
0.97506
0.0249592
0.0748828
0.124822
0.174786
0.224785
0.274808
0.324811
0.374777
0.424785
0.474907
0.525092
0.575214
0.625222
0.675188
0.725191
0.775214
0.825213
0.875178
0.925117
0.975041
0.024974
0.0749261
0.12489
0.174874
0.224883
0.274906
0.3249
0.374855
0.424842
0.474928
0.525071
0.575157
0.625144
0.675098
0.725093
0.775116
0.825126
0.875109
0.925074
0.975026
0.0249847
0.074957
0.124938
0.174934
0.224949
0.27497
0.324959
0.374908
0.424883
0.474944
0.525055
0.575116
0.62509
0.67504
0.725029
0.77505
0.825065
0.875061
0.925043
0.975015
0.0249919
0.0749778
0.12497
0.174973
0.22499
0.275008
0.324993
0.374942
0.424912
0.474956
0.525042
0.575087
0.625056
0.675005
0.724991
0.775009
0.825026
0.875029
0.925022
0.975008
0.0249963
0.0749904
0.124989
0.174996
0.225012
0.275026
0.32501
0.374962
0.424932
0.474965
0.525033
0.575066
0.625036
0.674989
0.724973
0.774987
0.825003
0.87501
0.925009
0.975004
0.0249985
0.0749965
0.124998
0.175005
0.225019
0.275028
0.325012
0.374971
0.424946
0.474972
0.525026
0.575052
0.625027
0.674987
0.724971
0.77498
0.824994
0.875001
0.925003
0.975001
0.0249989
0.0749975
0.124999
0.175004
0.225014
0.275018
0.325003
0.374972
0.424955
0.474977
0.525021
0.575043
0.625026
0.674996
0.724981
0.774985
0.824996
0.875001
0.925002
0.975001
0.0249979
0.0749943
0.124993
0.174994
0.224999
0.274999
0.324985
0.374966
0.42496
0.474981
0.525017
0.575038
0.625032
0.675013
0.725
0.775
0.825005
0.875007
0.925005
0.975002
0.0249957
0.0749877
0.124981
0.174978
0.224977
0.274972
0.324961
0.374955
0.424962
0.474984
0.525014
0.575037
0.625044
0.675038
0.725027
0.775022
0.825022
0.875018
0.925012
0.975004
0.0245921
0.0737468
0.122803
0.171658
0.220104
0.267622
0.31511
0.364584
0.416969
0.471968
0.528031
0.58303
0.635415
0.68489
0.732378
0.779895
0.828342
0.877196
0.926253
0.975408
0.0246048
0.0737894
0.122894
0.171844
0.22054
0.268904
0.317542
0.367546
0.419432
0.472932
0.527067
0.580567
0.632453
0.682457
0.731096
0.779459
0.828155
0.877106
0.92621
0.975395
0.024631
0.0738756
0.123067
0.17217
0.221165
0.27012
0.319423
0.369654
0.421094
0.473563
0.526436
0.578905
0.630345
0.680576
0.72988
0.778834
0.82783
0.876933
0.926124
0.975369
0.0246679
0.0739948
0.123297
0.172568
0.221834
0.271189
0.320866
0.371158
0.422231
0.473985
0.526014
0.577769
0.628841
0.679133
0.72881
0.778166
0.827431
0.876703
0.926005
0.975332
0.0247117
0.0741335
0.123554
0.172985
0.222469
0.272088
0.321965
0.372238
0.423018
0.474273
0.525726
0.576981
0.627761
0.678034
0.727911
0.777531
0.827014
0.876446
0.925866
0.975288
0.0247582
0.0742783
0.123813
0.173383
0.223032
0.27282
0.322797
0.373017
0.423571
0.474472
0.525527
0.576428
0.626982
0.677202
0.727179
0.776967
0.826616
0.876187
0.925721
0.975242
0.0248038
0.0744183
0.124056
0.173741
0.223511
0.273403
0.323423
0.373582
0.423964
0.474613
0.525386
0.576035
0.626417
0.676576
0.726596
0.776489
0.826258
0.875944
0.925581
0.975196
0.024846
0.0745462
0.124273
0.174049
0.223904
0.273859
0.323891
0.373992
0.424246
0.474713
0.525286
0.575753
0.626007
0.676108
0.72614
0.776095
0.825951
0.875727
0.925454
0.975154
0.024883
0.0746574
0.124457
0.174303
0.224218
0.274209
0.324239
0.374291
0.42445
0.474786
0.525213
0.575549
0.625708
0.67576
0.72579
0.775781
0.825696
0.875542
0.925342
0.975117
0.0249142
0.0747502
0.124609
0.174508
0.224463
0.274473
0.324495
0.374508
0.424598
0.474839
0.52516
0.575401
0.62549
0.675504
0.725526
0.775537
0.825492
0.87539
0.925249
0.975086
0.0249395
0.0748249
0.12473
0.174667
0.224648
0.274668
0.32468
0.374665
0.424706
0.474878
0.525121
0.575293
0.625334
0.675319
0.725331
0.775351
0.825333
0.87527
0.925175
0.97506
0.0249592
0.0748828
0.124822
0.174787
0.224785
0.274809
0.324811
0.374777
0.424785
0.474907
0.525092
0.575214
0.625222
0.675188
0.72519
0.775214
0.825213
0.875177
0.925117
0.975041
0.024974
0.0749261
0.12489
0.174874
0.224883
0.274906
0.324901
0.374855
0.424842
0.474928
0.525071
0.575157
0.625144
0.675098
0.725093
0.775116
0.825125
0.875109
0.925073
0.975026
0.0249847
0.0749571
0.124938
0.174934
0.224949
0.27497
0.324959
0.374908
0.424883
0.474944
0.525055
0.575116
0.62509
0.67504
0.725029
0.77505
0.825065
0.875061
0.925043
0.975015
0.0249919
0.0749778
0.12497
0.174974
0.22499
0.275008
0.324994
0.374942
0.424912
0.474956
0.525042
0.575087
0.625056
0.675005
0.724991
0.775009
0.825026
0.875029
0.925022
0.975008
0.0249963
0.0749904
0.124989
0.174996
0.225012
0.275026
0.32501
0.374962
0.424932
0.474965
0.525033
0.575066
0.625036
0.674989
0.724973
0.774987
0.825003
0.87501
0.925009
0.975004
0.0249985
0.0749966
0.124998
0.175005
0.225019
0.275028
0.325012
0.374971
0.424946
0.474972
0.525026
0.575052
0.625027
0.674987
0.724971
0.77498
0.824994
0.875001
0.925003
0.975001
0.0249989
0.0749975
0.124999
0.175004
0.225014
0.275018
0.325003
0.374972
0.424955
0.474977
0.525021
0.575043
0.625026
0.674996
0.72498
0.774985
0.824996
0.875001
0.925002
0.975001
0.0249979
0.0749944
0.124993
0.174994
0.225
0.274999
0.324986
0.374966
0.42496
0.474981
0.525017
0.575038
0.625032
0.675013
0.725
0.774999
0.825005
0.875007
0.925005
0.975002
0.0249957
0.0749878
0.124981
0.174978
0.224977
0.274972
0.324961
0.374955
0.424962
0.474984
0.525014
0.575037
0.625044
0.675038
0.725027
0.775022
0.825021
0.875018
0.925012
0.975004
)
;

boundaryField
{
    movingWall
    {
        type            wall;
        value           nonuniform List<scalar> 
400
(
0.0249958
0.0249958
0.0249957
0.0249957
0.0249957
0.0249957
0.0249957
0.0249957
0.0249957
0.0249957
0.0749879
0.0749879
0.0749877
0.0749877
0.0749877
0.0749877
0.0749877
0.0749877
0.0749877
0.0749878
0.124982
0.124982
0.124981
0.124981
0.124981
0.124981
0.124981
0.124981
0.124981
0.124981
0.174978
0.174978
0.174978
0.174978
0.174978
0.174978
0.174978
0.174977
0.174978
0.174978
0.224977
0.224977
0.224977
0.224977
0.224977
0.224977
0.224977
0.224977
0.224977
0.224977
0.274972
0.274972
0.274972
0.274972
0.274972
0.274972
0.274971
0.274971
0.274972
0.274972
0.324961
0.324961
0.324961
0.324961
0.324961
0.324961
0.32496
0.32496
0.324961
0.324961
0.374955
0.374955
0.374955
0.374955
0.374955
0.374955
0.374955
0.374955
0.374955
0.374955
0.424962
0.424962
0.424962
0.424962
0.424962
0.424962
0.424962
0.424961
0.424962
0.424962
0.474984
0.474984
0.474984
0.474984
0.474984
0.474984
0.474984
0.474984
0.474984
0.474984
0.525014
0.525014
0.525014
0.525014
0.525014
0.525014
0.525014
0.525014
0.525014
0.525014
0.575037
0.575037
0.575037
0.575037
0.575037
0.575037
0.575037
0.575037
0.575037
0.575037
0.625044
0.625043
0.625044
0.625044
0.625044
0.625044
0.625044
0.625044
0.625044
0.625044
0.675038
0.675038
0.675038
0.675038
0.675038
0.675038
0.675038
0.675038
0.675038
0.675038
0.725027
0.725027
0.725027
0.725027
0.725027
0.725027
0.725027
0.725027
0.725027
0.725027
0.775022
0.775022
0.775022
0.775022
0.775022
0.775022
0.775022
0.775022
0.775022
0.775022
0.825022
0.825021
0.825022
0.825022
0.825022
0.825022
0.825022
0.825022
0.825022
0.825021
0.875018
0.875018
0.875018
0.875018
0.875018
0.875018
0.875018
0.875018
0.875018
0.875018
0.925012
0.925012
0.925012
0.925012
0.925012
0.925012
0.925012
0.925012
0.925012
0.925012
0.975004
0.975004
0.975004
0.975004
0.975004
0.975004
0.975004
0.975004
0.975004
0.975004
0.0245922
0.0245922
0.0245921
0.0245921
0.0245922
0.0245922
0.0245922
0.0245922
0.0245921
0.0245921
0.0737469
0.0737468
0.0737467
0.0737468
0.0737469
0.0737469
0.0737469
0.0737468
0.0737468
0.0737468
0.122804
0.122803
0.122803
0.122804
0.122804
0.122804
0.122804
0.122803
0.122803
0.122803
0.171658
0.171658
0.171658
0.171658
0.171658
0.171658
0.171658
0.171658
0.171658
0.171658
0.220104
0.220104
0.220104
0.220104
0.220104
0.220104
0.220104
0.220104
0.220104
0.220104
0.267622
0.267622
0.267622
0.267622
0.267622
0.267622
0.267622
0.267622
0.267622
0.267622
0.31511
0.31511
0.31511
0.31511
0.31511
0.31511
0.31511
0.31511
0.31511
0.31511
0.364585
0.364585
0.364585
0.364585
0.364585
0.364585
0.364585
0.364584
0.364584
0.364584
0.41697
0.41697
0.41697
0.41697
0.41697
0.41697
0.41697
0.416969
0.416969
0.416969
0.471968
0.471968
0.471969
0.471968
0.471968
0.471968
0.471968
0.471968
0.471968
0.471968
0.528031
0.528031
0.528031
0.528031
0.528031
0.528031
0.528031
0.528031
0.528031
0.528031
0.58303
0.58303
0.58303
0.58303
0.58303
0.58303
0.58303
0.58303
0.58303
0.58303
0.635415
0.635415
0.635415
0.635415
0.635415
0.635415
0.635415
0.635415
0.635415
0.635415
0.684889
0.68489
0.684889
0.684889
0.684889
0.684889
0.684889
0.684889
0.684889
0.68489
0.732378
0.732378
0.732378
0.732377
0.732377
0.732377
0.732377
0.732378
0.732378
0.732378
0.779895
0.779895
0.779895
0.779895
0.779895
0.779895
0.779895
0.779895
0.779895
0.779895
0.828342
0.828342
0.828342
0.828342
0.828342
0.828342
0.828342
0.828342
0.828342
0.828342
0.877196
0.877196
0.877196
0.877196
0.877196
0.877196
0.877196
0.877196
0.877196
0.877196
0.926253
0.926253
0.926253
0.926253
0.926253
0.926253
0.926253
0.926253
0.926253
0.926253
0.975408
0.975408
0.975408
0.975408
0.975408
0.975408
0.975408
0.975408
0.975408
0.975408
)
;
    }
    in
    {
        type            cyclic;
    }
    out
    {
        type            cyclic;
    }
    front
    {
        type            cyclic;
    }
    back
    {
        type            cyclic;
    }
}


// ************************************************************************* //
